
----------------------------------------------------------------------------------------------------
Final table
----------------------------------------------------------------------------------------------------

 Cut WH_120 Err, TTH_120 Err, ZH_120 Err, DiBosons Err, EWK Err, DY Err, QCD Err, Data Err,
|VertexHistosBeforeMCFilter| 70,492 0,140 23,379 0,047 73,409 0,146 21880,738 33,158 1922701,000 2162,241 2507907,250 1184,348 624014464,000 502205,435 15724721,000 3965,441 
|TriggerHistosBeforeSel| 35,598 0,100 5,302 0,022 19,692 0,076 21880,738 33,158 1922701,000 2162,241 2507907,250 1184,348 624014464,000 502205,435 15724721,000 3965,441 
|TriggerHistosAfterSel| 8,798 0,050 0,952 0,009 5,501 0,040 4759,364 13,682 75877,664 385,511 2028805,625 1065,563 1811060,125 27211,356 8314973,000 2883,569 
|VertexHistosBeforeSel| 8,798 0,050 0,952 0,009 5,501 0,040 4759,364 13,682 75877,664 385,511 2028805,625 1065,563 1811060,125 27211,356 8314973,000 2883,569 
|VertexHistosAfterSel| 8,776 0,050 0,952 0,009 5,490 0,040 4748,875 13,661 75749,344 385,182 2020489,250 1063,369 1810253,250 27205,117 8306795,000 2882,151 
|EleHistosBeforeEleEta| 8,776 0,050 0,952 0,009 5,490 0,040 4748,875 13,661 75749,344 385,182 2020489,250 1063,369 1810253,250 27205,117 8306795,000 2882,151 
|EleHistosBeforeEleCrack| 8,776 0,050 0,952 0,009 5,490 0,040 4748,875 13,661 75749,344 385,182 2020489,250 1063,369 1810253,250 27205,117 8306795,000 2882,151 
|EleHistosBeforeEleID| 8,776 0,050 0,952 0,009 5,490 0,040 4748,875 13,661 75749,344 385,182 2020489,250 1063,369 1810253,250 27205,117 8306795,000 2882,151 
|EleHistosAfterPreEleID| 8,252 0,048 0,907 0,009 5,233 0,039 4626,360 13,445 67373,461 359,105 1964035,375 1048,466 914382,625 19452,418 4304668,000 2074,769 
|EleHistosAfterEleID| 7,693 0,046 0,858 0,009 4,965 0,038 4504,933 13,238 59972,250 334,205 1926734,250 1038,461 267485,438 10804,315 2730613,000 1652,457 
|EleHistosBeforeEleTrk| 7,585 0,046 0,823 0,009 4,900 0,038 4472,305 13,192 58053,672 329,008 1920886,125 1036,902 121225,125 7247,434 2413465,000 1553,533 
|EleHistosBeforeElePt1| 7,585 0,046 0,823 0,009 4,900 0,038 4472,305 13,192 58053,672 329,008 1920886,125 1036,902 121225,125 7247,434 2413465,000 1553,533 
|EleHistosAfterElePt1| 6,992 0,044 0,773 0,008 4,619 0,037 4364,637 13,006 53421,945 314,216 1887215,625 1027,750 63446,500 5133,627 2251724,000 1500,575 
|EleHistosBeforeElePt2| 6,992 0,044 0,773 0,008 4,619 0,037 4364,637 13,006 53421,945 314,216 1887215,625 1027,750 63446,500 5133,627 2251724,000 1500,575 
|EleHistosAfterElePt2| 3,465 0,031 0,377 0,006 2,886 0,029 2920,826 10,425 10100,090 60,764 1346886,125 868,395 2880,434 1163,276 1416383,000 1190,119 
|EleHistosBeforeOneEle| 3,465 0,031 0,377 0,006 2,886 0,029 2920,826 10,425 10100,090 60,764 1346886,125 868,395 2880,434 1163,276 1416383,000 1190,119 
|EleHistosBeforeMuonSequence| 3,270 0,030 0,340 0,006 2,383 0,026 2771,024 10,241 9852,907 60,056 1343365,000 867,264 2880,434 1163,276 1411919,000 1188,242 
|TauHistosBeforeTauEta| 3,270 0,030 0,340 0,006 2,383 0,026 2771,024 10,241 9852,907 60,056 1343365,000 867,264 2880,434 1163,276 1411919,000 1188,242 
|TauHistosBeforeDeltaR| 3,270 0,030 0,340 0,006 2,383 0,026 2771,024 10,241 9852,907 60,056 1343360,375 867,263 2880,434 1163,276 1411917,000 1188,241 
|TauHistosBeforeTauPt| 3,270 0,030 0,340 0,006 2,383 0,026 2771,024 10,241 9852,907 60,056 1343360,375 867,263 2880,434 1163,276 1411917,000 1188,241 
|TauHistosBeforeTauID| 1,956 0,023 0,327 0,006 1,774 0,023 1038,645 5,355 7006,471 40,535 146576,609 283,920 614,056 498,543 158583,000 398,225 
|TauHistosBeforeTauIso| 1,814 0,023 0,319 0,005 1,673 0,022 924,010 4,966 4079,675 24,994 103407,289 240,637 553,540 494,857 107570,000 327,979 
|TauHistosBeforeMuonVeto| 0,878 0,016 0,117 0,003 1,047 0,017 164,240 1,993 207,483 7,488 4720,193 51,311 0,000 0,000 4852,000 69,656 
|TauHistosBeforeEleVeto| 0,640 0,013 0,080 0,003 0,846 0,016 68,702 1,305 190,767 7,442 4630,536 50,821 0,000 0,000 4624,000 68,000 
|TauHistosBeforeHighestPt| 0,492 0,012 0,063 0,002 0,660 0,014 40,899 0,988 97,094 5,208 3614,878 44,860 0,000 0,000 3549,000 59,573 
|TauHistosBeforeDiTau| 0,492 0,012 0,063 0,002 0,660 0,014 40,899 0,988 97,094 5,208 3614,878 44,860 0,000 0,000 3549,000 59,573 
|MuonHistosBeforeMuonPt| 0,492 0,012 0,063 0,002 0,660 0,014 40,899 0,988 97,094 5,208 3614,878 44,860 0,000 0,000 3549,000 59,573 
|MuonHistosBeforeMuonVeto| 0,492 0,012 0,063 0,002 0,660 0,014 40,899 0,988 97,094 5,208 3614,878 44,860 0,000 0,000 3549,000 59,573 
|MuonHistosBeforeEle2TauPairs| 0,474 0,012 0,035 0,002 0,530 0,012 37,731 0,956 85,192 5,146 3495,287 44,118 0,000 0,000 3369,000 58,043 
|DiTauHistosBeforeCharge| 0,474 0,012 0,035 0,002 0,530 0,012 37,731 0,956 85,192 5,146 3495,287 44,118 0,000 0,000 3369,000 58,043 
|DiTauHistosBeforeDeltaR| 0,394 0,010 0,024 0,002 0,286 0,009 20,542 0,716 44,842 3,241 1777,031 31,506 0,000 0,000 1665,000 40,804 
|DiTauHistosBeforeOnePair| 0,394 0,010 0,024 0,002 0,286 0,009 20,483 0,715 44,203 3,211 1771,106 31,456 0,000 0,000 1662,000 40,768 
|DiTauHistosFinalForEleTau| 0,394 0,010 0,024 0,002 0,286 0,009 20,483 0,715 44,203 3,211 1771,106 31,456 0,000 0,000 1662,000 40,768 
|JetHistosBeforeJetEt| 0,394 0,010 0,024 0,002 0,286 0,009 20,483 0,715 44,203 3,211 1771,106 31,456 0,000 0,000 1662,000 40,768 
|JetHistosBeforeJetEta| 0,394 0,010 0,024 0,002 0,286 0,009 20,483 0,715 44,203 3,211 1771,106 31,456 0,000 0,000 1662,000 40,768 
|JetHistosBeforeJetBTag| 0,394 0,010 0,024 0,002 0,286 0,009 20,483 0,715 44,203 3,211 1771,106 31,456 0,000 0,000 1662,000 40,768 
|JetHistosAfterJetBTag| 0,374 0,010 0,004 0,001 0,264 0,009 19,079 0,694 30,000 3,097 1712,517 30,938 0,000 0,000 1587,000 39,837 
|JetHistosAfterNumJet| 0,374 0,010 0,004 0,001 0,264 0,009 19,079 0,694 30,000 3,097 1712,517 30,938 0,000 0,000 1587,000 39,837 
|CompCandHistosBeforeSel| 0,374 0,010 0,004 0,001 0,264 0,009 19,079 0,694 30,000 3,097 1712,517 30,938 0,000 0,000 1587,000 39,837 
|CompCandHistosAfterSel| 0,196 0,007 0,002 0,000 0,023 0,003 1,980 0,235 1,076 0,533 18,764 3,279 0,000 0,000 21,000 4,583 
|MuonHistosFinal| 0,196 0,007 0,002 0,000 0,023 0,003 1,980 0,235 1,076 0,533 18,764 3,279 0,000 0,000 21,000 4,583 
|EleHistosFinal| 0,196 0,007 0,002 0,000 0,023 0,003 1,980 0,235 1,076 0,533 18,764 3,279 0,000 0,000 21,000 4,583 
|TauHistosFinal| 0,196 0,007 0,002 0,000 0,023 0,003 1,980 0,235 1,076 0,533 18,764 3,279 0,000 0,000 21,000 4,583 
|DiTauHistosFinal| 0,196 0,007 0,002 0,000 0,023 0,003 1,980 0,235 1,076 0,533 18,764 3,279 0,000 0,000 21,000 4,583 

----------------------------------------------------------------------------------------------------
Absolute efficiencies
----------------------------------------------------------------------------------------------------

 Cut WH_120 Err, TTH_120 Err, ZH_120 Err, DiBosons Err, EWK Err, DY Err, QCD Err, Data Err,
|VertexHistosBeforeMCFilter| 1,9802375082 0,0068031074 4,4096140149 0,0204102246 3,7278093350 0,0161302902 1,0000000000 0,0021431070 1,0000000000 0,0015904037 1,0000000000 0,0006678563 1,0000000000 0,0011381559 1,0000000000 0,0003566346 
|TriggerHistosBeforeSel| 1,0000000000 0,0039603846 1,0000000000 0,0059098824 1,0000000000 0,0054337326 1,0000000000 0,0021431070 1,0000000000 0,0015904037 1,0000000000 0,0006678563 1,0000000000 0,0011381559 1,0000000000 0,0003566346 
|TriggerHistosAfterSel| 0,2471429966 0,0015562192 0,1795479111 0,0019237828 0,2793562497 0,0022983988 0,2175138789 0,0007068656 0,0394640998 0,0002053581 0,8089635791 0,0005713763 0,0029022727 0,0000436694 0,5287834996 0,0002267360 
|VertexHistosBeforeSel| 0,2471429966 0,0015562192 0,1795479111 0,0019237828 0,2793562497 0,0022983988 0,2175138789 0,0007068656 0,0394640998 0,0002053581 0,8089635791 0,0005713763 0,0029022727 0,0000436694 0,5287834996 0,0002267360 
|VertexHistosAfterSel| 0,2465243270 0,0015538550 0,1795479111 0,0019237828 0,2787683978 0,0022954414 0,2170344735 0,0007056863 0,0393973601 0,0002051744 0,8056475175 0,0005696789 0,0029009796 0,0000436594 0,5282634267 0,0002265859 
|EleHistosBeforeEleEta| 0,2465243270 0,0015538550 0,1795479111 0,0019237828 0,2787683978 0,0022954414 0,2170344735 0,0007056863 0,0393973601 0,0002051744 0,8056475175 0,0005696789 0,0029009796 0,0000436594 0,5282634267 0,0002265859 
|EleHistosBeforeEleCrack| 0,2465243270 0,0015538550 0,1795479111 0,0019237828 0,2787683978 0,0022954414 0,2170344735 0,0007056863 0,0393973601 0,0002051744 0,8056475175 0,0005696789 0,0029009796 0,0000436594 0,5282634267 0,0002265859 
|EleHistosBeforeEleID| 0,2465243270 0,0015538550 0,1795479111 0,0019237828 0,2787683978 0,0022954414 0,2170344735 0,0007056863 0,0393973601 0,0002051744 0,8056475175 0,0005696789 0,0029009796 0,0000436594 0,5282634267 0,0002265859 
|EleHistosAfterPreEleID| 0,2318128345 0,0014980616 0,1711411411 0,0018713653 0,2657138092 0,0022295882 0,2114352949 0,0006929934 0,0350410495 0,0001908830 0,7831371655 0,0005581703 0,0014653228 0,0000311953 0,2737516297 0,0001489118 
|EleHistosAfterEleID| 0,2161064152 0,0014372850 0,1617973075 0,0018120430 0,2521478376 0,0021602463 0,2058857909 0,0006806994 0,0311916673 0,0001773244 0,7682637586 0,0005505347 0,0004286526 0,0000173176 0,1736509665 0,0001138457 
|EleHistosBeforeEleTrk| 0,2130890716 0,0014254820 0,1552975597 0,0017703847 0,2488311973 0,0021431416 0,2043946195 0,0006778160 0,0301938117 0,0001744538 0,7659318840 0,0005493415 0,0001942665 0,0000116153 0,1534822144 0,0001061067 
|EleHistosBeforeElePt1| 0,2130890716 0,0014254820 0,1552975597 0,0017703847 0,2488311973 0,0021431416 0,2043946195 0,0006778160 0,0301938117 0,0001744538 0,7659318840 0,0005493415 0,0001942665 0,0000116153 0,1534822144 0,0001061067 
|EleHistosAfterElePt1| 0,1964170478 0,0013590995 0,1457143309 0,0017074955 0,2345702494 0,0020686257 0,1994739237 0,0006668481 0,0277848429 0,0001663845 0,7525061483 0,0005424255 0,0001016747 0,0000082272 0,1431964357 0,0001020317 
|EleHistosBeforeElePt2| 0,1964170478 0,0013590995 0,1457143309 0,0017074955 0,2345702494 0,0020686257 0,1994739237 0,0006668481 0,0277848429 0,0001663845 0,7525061483 0,0005424255 0,0001016747 0,0000082272 0,1431964357 0,0001020317 
|EleHistosAfterElePt2| 0,0973482790 0,0009166188 0,0711887177 0,0011537089 0,1465566242 0,0015766770 0,1334884653 0,0005176307 0,0052530736 0,0000321508 0,5370557962 0,0004292110 0,0000046160 0,0000018642 0,0900736490 0,0000790197 
|EleHistosBeforeOneEle| 0,0973482790 0,0009166188 0,0711887177 0,0011537089 0,1465566242 0,0015766770 0,1334884653 0,0005176307 0,0052530736 0,0000321508 0,5370557962 0,0004292110 0,0000046160 0,0000018642 0,0900736490 0,0000790197 
|EleHistosBeforeMuonSequence| 0,0918499814 0,0008882387 0,0641747547 0,0010923928 0,1209933111 0,0014160422 0,1266421808 0,0005058573 0,0051245135 0,0000317624 0,5356517870 0,0004284556 0,0000046160 0,0000018642 0,0897897648 0,0000788848 
|TauHistosBeforeTauEta| 0,0918499814 0,0008882387 0,0641747547 0,0010923928 0,1209933111 0,0014160422 0,1266421808 0,0005058573 0,0051245135 0,0000317624 0,5356517870 0,0004284556 0,0000046160 0,0000018642 0,0897897648 0,0000788848 
|TauHistosBeforeDeltaR| 0,0918499814 0,0008882387 0,0641747547 0,0010923928 0,1209933111 0,0014160422 0,1266421808 0,0005058573 0,0051245135 0,0000317624 0,5356499428 0,0004284547 0,0000046160 0,0000018642 0,0897896376 0,0000788847 
|TauHistosBeforeTauPt| 0,0918499814 0,0008882387 0,0641747547 0,0010923928 0,1209933111 0,0014160422 0,1266421808 0,0005058573 0,0051245135 0,0000317624 0,5356499428 0,0004284547 0,0000046160 0,0000018642 0,0897896376 0,0000788847 
|TauHistosBeforeTauID| 0,0549430883 0,0006747919 0,0616229989 0,0010688853 0,0900786013 0,0012051619 0,0474684688 0,0002550855 0,0036440774 0,0000214767 0,0584457856 0,0001165259 0,0000009840 0,0000007989 0,0100849484 0,0000254521 
|TauHistosBeforeTauIso| 0,0509451174 0,0006488718 0,0602402649 0,0010561001 0,0849785797 0,0011685101 0,0422293688 0,0002358078 0,0021218457 0,0000132167 0,0412325013 0,0000979073 0,0000008871 0,0000007930 0,0068408209 0,0000209287 
|TauHistosBeforeMuonVeto| 0,0246549239 0,0004453622 0,0220376334 0,0006280015 0,0531534404 0,0009108445 0,0075061413 0,0000917917 0,0001079121 0,0000038963 0,0018821244 0,0000204791 0,0000000000 0,0000000000 0,0003085587 0,0000044304 
|TauHistosBeforeEleVeto| 0,0179820904 0,0003790500 0,0150919876 0,0005185247 0,0429355483 0,0008145537 0,0031398359 0,0000598263 0,0000992181 0,0000038720 0,0018463746 0,0000202829 0,0000000000 0,0000000000 0,0002940593 0,0000043250 
|TauHistosBeforeHighestPt| 0,0138285153 0,0003317523 0,0119066168 0,0004600195 0,0335226837 0,0007169078 0,0018691733 0,0000452615 0,0000504986 0,0000027091 0,0014413922 0,0000179002 0,0000000000 0,0000000000 0,0002256956 0,0000037890 
|TauHistosBeforeDiTau| 0,0138285153 0,0003317523 0,0119066168 0,0004600195 0,0335226837 0,0007169078 0,0018691733 0,0000452615 0,0000504986 0,0000027091 0,0014413922 0,0000179002 0,0000000000 0,0000000000 0,0002256956 0,0000037890 
|MuonHistosBeforeMuonPt| 0,0138285153 0,0003317523 0,0119066168 0,0004600195 0,0335226837 0,0007169078 0,0018691733 0,0000452615 0,0000504986 0,0000027091 0,0014413922 0,0000179002 0,0000000000 0,0000000000 0,0002256956 0,0000037890 
|MuonHistosBeforeMuonVeto| 0,0138285153 0,0003317523 0,0119066168 0,0004600195 0,0335226837 0,0007169078 0,0018691733 0,0000452615 0,0000504986 0,0000027091 0,0014413922 0,0000179002 0,0000000000 0,0000000000 0,0002256956 0,0000037890 
|MuonHistosBeforeEle2TauPairs| 0,0133089574 0,0003253132 0,0065734676 0,0003409599 0,0269183272 0,0006407951 0,0017243787 0,0000437690 0,0000443088 0,0000026770 0,0013937067 0,0000176038 0,0000000000 0,0000000000 0,0002142486 0,0000036916 
|DiTauHistosBeforeCharge| 0,0133089574 0,0003253132 0,0065734676 0,0003409599 0,0269183272 0,0006407951 0,0017243787 0,0000437690 0,0000443088 0,0000026770 0,0013937067 0,0000176038 0,0000000000 0,0000000000 0,0002142486 0,0000036916 
|DiTauHistosBeforeDeltaR| 0,0110677328 0,0002962601 0,0045648865 0,0002841794 0,0145151320 0,0004676707 0,0009388356 0,0000327529 0,0000233223 0,0000016859 0,0007085713 0,0000125672 0,0000000000 0,0000000000 0,0001058842 0,0000025951 
|DiTauHistosBeforeOnePair| 0,0110677328 0,0002962601 0,0045648865 0,0002841794 0,0145151320 0,0004676707 0,0009361312 0,0000326968 0,0000229901 0,0000016704 0,0007062088 0,0000125471 0,0000000000 0,0000000000 0,0001056934 0,0000025927 
|DiTauHistosFinalForEleTau| 0,0110677328 0,0002962601 0,0045648865 0,0002841794 0,0145151320 0,0004676707 0,0009361312 0,0000326968 0,0000229901 0,0000016704 0,0007062088 0,0000125471 0,0000000000 0,0000000000 0,0001056934 0,0000025927 
|JetHistosBeforeJetEt| 0,0110677328 0,0002962601 0,0045648865 0,0002841794 0,0145151320 0,0004676707 0,0009361312 0,0000326968 0,0000229901 0,0000016704 0,0007062088 0,0000125471 0,0000000000 0,0000000000 0,0001056934 0,0000025927 
|JetHistosBeforeJetEta| 0,0110677328 0,0002962601 0,0045648865 0,0002841794 0,0145151320 0,0004676707 0,0009361312 0,0000326968 0,0000229901 0,0000016704 0,0007062088 0,0000125471 0,0000000000 0,0000000000 0,0001056934 0,0000025927 
|JetHistosBeforeJetBTag| 0,0110677328 0,0002962601 0,0045648865 0,0002841794 0,0145151320 0,0004676707 0,0009361312 0,0000326968 0,0000229901 0,0000016704 0,0007062088 0,0000125471 0,0000000000 0,0000000000 0,0001056934 0,0000025927 
|JetHistosAfterJetBTag| 0,0105051664 0,0002885394 0,0007895035 0,0001187151 0,0134236593 0,0004494103 0,0008719738 0,0000317277 0,0000156028 0,0000016107 0,0006828469 0,0000123403 0,0000000000 0,0000000000 0,0001009239 0,0000025335 
|JetHistosAfterNumJet| 0,0105051664 0,0002885394 0,0007895035 0,0001187151 0,0134236593 0,0004494103 0,0008719738 0,0000317277 0,0000156028 0,0000016107 0,0006828469 0,0000123403 0,0000000000 0,0000000000 0,0001009239 0,0000025335 
|CompCandHistosBeforeSel| 0,0105051664 0,0002885394 0,0007895035 0,0001187151 0,0134236593 0,0004494103 0,0008719738 0,0000317277 0,0000156028 0,0000016107 0,0006828469 0,0000123403 0,0000000000 0,0000000000 0,0001009239 0,0000025335 
|CompCandHistosAfterSel| 0,0055157059 0,0002082338 0,0004529561 0,0000908688 0,0011770188 0,0001310662 0,0000905066 0,0000107327 0,0000005595 0,0000002773 0,0000074820 0,0000013073 0,0000000000 0,0000000000 0,0000013355 0,0000002914 
|MuonHistosFinal| 0,0055157059 0,0002082338 0,0004529561 0,0000908688 0,0011770188 0,0001310662 0,0000905066 0,0000107327 0,0000005595 0,0000002773 0,0000074820 0,0000013073 0,0000000000 0,0000000000 0,0000013355 0,0000002914 
|EleHistosFinal| 0,0055157059 0,0002082338 0,0004529561 0,0000908688 0,0011770188 0,0001310662 0,0000905066 0,0000107327 0,0000005595 0,0000002773 0,0000074820 0,0000013073 0,0000000000 0,0000000000 0,0000013355 0,0000002914 
|TauHistosFinal| 0,0055157059 0,0002082338 0,0004529561 0,0000908688 0,0011770188 0,0001310662 0,0000905066 0,0000107327 0,0000005595 0,0000002773 0,0000074820 0,0000013073 0,0000000000 0,0000000000 0,0000013355 0,0000002914 
|DiTauHistosFinal| 0,0055157059 0,0002082338 0,0004529561 0,0000908688 0,0011770188 0,0001310662 0,0000905066 0,0000107327 0,0000005595 0,0000002773 0,0000074820 0,0000013073 0,0000000000 0,0000000000 0,0000013355 0,0000002914 

----------------------------------------------------------------------------------------------------
Relative efficiencies
----------------------------------------------------------------------------------------------------

 Cut WH_120 Err, TTH_120 Err, ZH_120 Err, DiBosons Err, EWK Err, DY Err, QCD Err, Data Err,
|VertexHistosBeforeMCFilter| 1,0000000000 0,0028143709 1,0000000000 0,0028143709 1,0000000000 0,0028143708 1,0000000000 0,0021431070 1,0000000000 0,0015904037 1,0000000000 0,0006678563 1,0000000000 0,0011381559 1,0000000000 0,0000000000 
|TriggerHistosBeforeSel| 0,5049899297 0,0017348933 0,2267772183 0,0010496551 0,2682540629 0,0011607396 1,0000000000 0,0021431070 1,0000000000 0,0015904037 1,0000000000 0,0006678563 1,0000000000 0,0011381559 1,0000000000 0,0000000063 
|TriggerHistosAfterSel| 0,2471429966 0,0015562192 0,1795479111 0,0019237828 0,2793562497 0,0022983988 0,2175138789 0,0007068656 0,0394640998 0,0002053581 0,8089635791 0,0005713763 0,0029022727 0,0000436694 0,5287834996 0,0000000017 
|VertexHistosBeforeSel| 1,0000000000 0,0079759434 1,0000000000 0,0139527166 1,0000000000 0,0102887074 1,0000000000 0,0040655666 1,0000000000 0,0071851908 1,0000000000 0,0007427691 1,0000000000 0,0212486971 1,0000000000 0,0000000060 
|VertexHistosAfterSel| 0,9974967141 0,0079608703 1,0000000000 0,0139527166 0,9978956909 0,0102724368 0,9977959775 0,0040579978 0,9983088526 0,0071760420 0,9959008518 0,0007404823 0,9995544737 0,0212415281 0,9990164731 0,0000000060 
|EleHistosBeforeEleEta| 1,0000000000 0,0079857509 1,0000000000 0,0139527166 1,0000000000 0,0102994873 1,0000000000 0,0040683558 1,0000000000 0,0071912045 1,0000000000 0,0007442905 1,0000000000 0,0212532945 1,0000000000 0,0000000060 
|EleHistosBeforeEleCrack| 1,0000000000 0,0079857509 1,0000000000 0,0139527166 1,0000000000 0,0102994873 1,0000000000 0,0040683558 1,0000000000 0,0071912045 1,0000000000 0,0007442905 1,0000000000 0,0212532945 1,0000000000 0,0000000060 
|EleHistosBeforeEleID| 1,0000000000 0,0079857509 1,0000000000 0,0139527166 1,0000000000 0,0102994873 1,0000000000 0,0040683558 1,0000000000 0,0071912045 1,0000000000 0,0007442905 1,0000000000 0,0212532945 1,0000000000 0,0000000060 
|EleHistosAfterPreEleID| 0,9403243779 0,0076280006 0,9531781239 0,0134611552 0,9531704858 0,0099369950 0,9742014324 0,0039837280 0,8894263317 0,0065520183 0,9720593044 0,0007286952 0,5051130967 0,0131564946 0,5182104530 0,0000000030 
|EleHistosAfterEleID| 0,9322452561 0,0078170345 0,9454027621 0,0137023871 0,9489451765 0,0101445032 0,9737531803 0,0040243810 0,8901464934 0,0068641813 0,9810079159 0,0007441905 0,2925311901 0,0133546252 0,6343376539 0,0000000068 
|EleHistosBeforeEleTrk| 0,9860376952 0,0084419800 0,9598278373 0,0142514290 0,9868464457 0,0107224143 0,9927572887 0,0041334140 0,9680089020 0,0076938599 0,9969647475 0,0007604965 0,4532027094 0,0326990151 0,8838546510 0,0000000149 
|EleHistosBeforeElePt1| 1,0000000000 0,0085916828 1,0000000000 0,0149997033 1,0000000000 0,0109012081 1,0000000000 0,0041715256 1,0000000000 0,0080147733 1,0000000000 0,0007633979 1,0000000000 0,0845486348 1,0000000000 0,0000000191 
|EleHistosAfterElePt1| 0,9217603056 0,0080855288 0,9382911822 0,0143022827 0,9426882642 0,0104305163 0,9759255121 0,0040919376 0,9202164753 0,0075161791 0,9824713711 0,0007533457 0,5233774764 0,0526536979 0,9329839049 0,0000000171 
|EleHistosBeforeElePt2| 1,0000000000 0,0089483600 1,0000000000 0,0154822855 1,0000000000 0,0112257137 1,0000000000 0,0042141243 1,0000000000 0,0083180865 1,0000000000 0,0007701600 1,0000000000 0,1144278264 1,0000000000 0,0000000196 
|EleHistosAfterElePt2| 0,4956203147 0,0054485080 0,4885498719 0,0093341521 0,6247877749 0,0080007781 0,6692025843 0,0031115885 0,1890625619 0,0015907072 0,7136895791 0,0006023244 0,0453994127 0,0186991223 0,6290215852 0,0000000087 
|EleHistosBeforeOneEle| 1,0000000000 0,0127134811 1,0000000000 0,0221441758 1,0000000000 0,0142109038 1,0000000000 0,0050478213 1,0000000000 0,0085081505 1,0000000000 0,0009118035 1,0000000000 0,5711365731 1,0000000000 0,0000000220 
|EleHistosBeforeMuonSequence| 0,9435193140 0,0121744445 0,9014736720 0,0205067482 0,8255738134 0,0123335173 0,9487125392 0,0048744705 0,9755266912 0,0083546623 0,9973857293 0,0009100183 1,0000000000 0,5711365731 0,9968483101 0,0000000213 
|TauHistosBeforeTauEta| 1,0000000000 0,0130902240 1,0000000000 0,0233362597 1,0000000000 0,0156338481 1,0000000000 0,0052265930 1,0000000000 0,0086200004 1,0000000000 0,0009130032 1,0000000000 0,5711365731 1,0000000000 0,0000000214 
|TauHistosBeforeDeltaR| 1,0000000000 0,0130902240 1,0000000000 0,0233362597 1,0000000000 0,0156338481 1,0000000000 0,0052265930 1,0000000000 0,0086200004 0,9999965572 0,0009130009 1,0000000000 0,5711365731 0,9999985835 0,0000000214 
|TauHistosBeforeTauPt| 1,0000000000 0,0130902240 1,0000000000 0,0233362597 1,0000000000 0,0156338481 1,0000000000 0,0052265930 1,0000000000 0,0086200004 1,0000000000 0,0009130050 1,0000000000 0,5711365731 1,0000000000 0,0000000214 
|TauHistosBeforeTauID| 0,5981829007 0,0090456976 0,9602373881 0,0226358634 0,7444924055 0,0126002694 0,3748235260 0,0023776871 0,7111069891 0,0059759175 0,1091119048 0,0002227803 0,2131819344 0,1933097588 0,1123175087 0,0000000019 
|TauHistosBeforeTauIso| 0,9272343242 0,0159898178 0,9775613982 0,0234062971 0,9433825410 0,0173580452 0,8896298925 0,0066255324 0,5822724012 0,0049064377 0,7054828837 0,0021360312 0,9014483186 1,0886144626 0,6783198704 0,0000000964 
|TauHistosBeforeMuonVeto| 0,4839506737 0,0105234527 0,3658289585 0,0120473408 0,6254922185 0,0133158147 0,1777469460 0,0023589735 0,0508576445 0,0018616555 0,0456466213 0,0005074484 0,0000000000 0,0000000000 0,0451055127 0,0000000066 
|TauHistosBeforeEleVeto| 0,7293508800 0,0200399581 0,6848279624 0,0302999449 0,8077661209 0,0201786575 0,4183022600 0,0094281140 0,9194347260 0,0488605627 0,9810056030 0,0151539948 0,0000000000 0,0000000000 0,9530090684 0,0000026268 
|TauHistosBeforeHighestPt| 0,7690160002 0,0243693640 0,7889363002 0,0405226937 0,7807675700 0,0219136372 0,5953092311 0,0182984954 0,5089659409 0,0337551613 0,7806607758 0,0129329099 0,0000000000 0,0000000000 0,7675173010 0,0000019468 
|TauHistosBeforeDiTau| 1,0000000000 0,0336956732 1,0000000000 0,0543184670 1,0000000000 0,0297518980 1,0000000000 0,0341776224 1,0000000000 0,0758528034 1,0000000000 0,0175499471 0,0000000000 0,0000000000 1,0000000000 inf 
|MuonHistosBeforeMuonPt| 1,0000000000 0,0336956732 1,0000000000 0,0543184670 1,0000000000 0,0297518980 1,0000000000 0,0341776224 1,0000000000 0,0758528034 1,0000000000 0,0175499471 0,0000000000 0,0000000000 1,0000000000 709039825644203079949674395771794845547077891549101705337108046651532217479247145526624256,0000000000 
|MuonHistosBeforeMuonVeto| 1,0000000000 0,0336956732 1,0000000000 0,0543184670 1,0000000000 0,0297518980 1,0000000000 0,0341776224 1,0000000000 0,0758528034 1,0000000000 0,0175499471 0,0000000000 0,0000000000 1,0000000000 0,0000033048 
|MuonHistosBeforeEle2TauPairs| 0,9624285164 0,0327413259 0,5520852525 0,0355578442 0,8029884313 0,0253229335 0,9225354825 0,0323023098 0,8774247863 0,0708807912 0,9669170515 0,0171151826 0,0000000000 0,0000000000 0,9492814877 0,0000030771 
|DiTauHistosBeforeCharge| 1,0000000000 0,0343402506 1,0000000000 0,0731155421 1,0000000000 0,0332241769 1,0000000000 0,0358322420 1,0000000000 0,0854286784 1,0000000000 0,0178503313 0,0000000000 0,0000000000 1,0000000000 0,0000034147 
|DiTauHistosBeforeDeltaR| 0,8316002827 0,0299642253 0,6944411753 0,0561207933 0,5392286030 0,0214017263 0,5444486133 0,0234603591 0,5263577624 0,0495814777 0,5084077709 0,0110648394 0,0000000000 0,0000000000 0,4942119323 0,0000015386 
|DiTauHistosBeforeOnePair| 1,0000000000 0,0376478141 1,0000000000 0,0878409188 1,0000000000 0,0452401440 0,9971194437 0,0491775465 0,9857573677 0,1010192481 0,9966657597 0,0250117649 0,0000000000 0,0000000000 0,9981981982 0,0000062879 
|DiTauHistosFinalForEleTau| 1,0000000000 0,0376478141 1,0000000000 0,0878409188 1,0000000000 0,0452401440 1,0000000000 0,0493485610 1,0000000000 0,1027405162 1,0000000000 0,0251172905 0,0000000000 0,0000000000 1,0000000000 9497492373729508595282897115097443054495176150633152159678464,0000000000 
|JetHistosBeforeJetEt| 1,0000000000 0,0376478141 1,0000000000 0,0878409188 1,0000000000 0,0452401440 1,0000000000 0,0493485610 1,0000000000 0,1027405162 1,0000000000 0,0251172905 0,0000000000 0,0000000000 1,0000000000 0,0000063107 
|JetHistosBeforeJetEta| 1,0000000000 0,0376478141 1,0000000000 0,0878409188 1,0000000000 0,0452401440 1,0000000000 0,0493485610 1,0000000000 0,1027405162 1,0000000000 0,0251172905 0,0000000000 0,0000000000 1,0000000000 0,0000063107 
|JetHistosBeforeJetBTag| 1,0000000000 0,0376478141 1,0000000000 0,0878409188 1,0000000000 0,0452401440 1,0000000000 0,0493485610 1,0000000000 0,1027405162 1,0000000000 0,0251172905 0,0000000000 0,0000000000 1,0000000000 0,0000063107 
|JetHistosAfterJetBTag| 0,9491705839 0,0362086027 0,1729514049 0,0281282630 0,9248044957 0,0426756374 0,9314653215 0,0469378418 0,6786750680 0,0856674766 0,9669192725 0,0244958271 0,0000000000 0,0000000000 0,9548736462 0,0000058705 
|JetHistosAfterNumJet| 1,0000000000 0,0386409698 1,0000000000 0,2125686482 1,0000000000 0,0470335836 1,0000000000 0,0514130914 1,0000000000 0,1459834385 1,0000000000 0,0255486545 0,0000000000 0,0000000000 1,0000000000 0,0000064384 
|CompCandHistosBeforeSel| 1,0000000000 0,0386409698 1,0000000000 0,2125686482 1,0000000000 0,0470335836 1,0000000000 0,0514130914 1,0000000000 0,1459834385 1,0000000000 0,0255486545 0,0000000000 0,0000000000 1,0000000000 0,0000064384 
|CompCandHistosAfterSel| 0,5250469796 0,0244245650 0,5737227142 0,1437982286 0,0876824079 0,0101844227 0,1037951012 0,0128730180 0,0358584609 0,0181562854 0,0109570720 0,0019246764 0,0000000000 0,0000000000 0,0132325142 0,0000000616 
|MuonHistosFinal| 1,0000000000 0,0532435569 1,0000000000 0,2836477238 1,0000000000 0,1573851176 1,0000000000 0,1676910418 1,0000000000 0,7010228085 1,0000000000 0,2470979385 0,0000000000 0,0000000000 1,0000000000 0,0003520104 
|EleHistosFinal| 1,0000000000 0,0532435569 1,0000000000 0,2836477238 1,0000000000 0,1573851176 1,0000000000 0,1676910418 1,0000000000 0,7010228085 1,0000000000 0,2470979385 0,0000000000 0,0000000000 1,0000000000 0,0003520104 
|TauHistosFinal| 1,0000000000 0,0532435569 1,0000000000 0,2836477238 1,0000000000 0,1573851176 1,0000000000 0,1676910418 1,0000000000 0,7010228085 1,0000000000 0,2470979385 0,0000000000 0,0000000000 1,0000000000 0,0003520104 
|DiTauHistosFinal| 1,0000000000 0,0532435569 1,0000000000 0,2836477238 1,0000000000 0,1573851176 1,0000000000 0,1676910418 1,0000000000 0,7010228085 1,0000000000 0,2470979385 0,0000000000 0,0000000000 1,0000000000 0,0003520104 
