
----------------------------------------------------------------------------------------------------
Final table
----------------------------------------------------------------------------------------------------

 Cut WH_120 Err, TTH_120 Err, ZH_120 Err, DiBosons Err, EWK Err, DY Err, QCD Err, Data Err,
|VertexHistosBeforeMCFilter| 38,673 0,111 9,534 0,027 35,170 0,101 10430,258 21,679 683155,812 1319,745 2574308,250 1205,717 30928620,000 26755,411 20872932,000 4568,690 
|TriggerHistosBeforeSel| 17,480 0,074 2,603 0,014 9,670 0,053 10430,258 21,679 683155,812 1319,745 2574308,250 1205,717 30928620,000 26755,411 20872932,000 4568,690 
|TriggerHistosAfterSel| 11,229 0,060 1,671 0,011 6,590 0,044 6067,766 15,653 124207,000 478,623 2313275,000 1143,301 8190910,000 13782,051 13850641,000 3721,645 
|VertexHistosBeforeSel| 11,229 0,060 1,671 0,011 6,590 0,044 6067,766 15,653 124207,000 478,623 2313275,000 1143,301 8190910,000 13782,051 13850641,000 3721,645 
|VertexHistosAfterSel| 11,207 0,060 1,671 0,011 6,583 0,044 6061,000 15,642 124147,656 478,459 2306618,750 1141,648 8181547,500 13774,146 13828173,000 3718,625 
|MuonHistosBeforeMuonEta| 11,207 0,060 1,671 0,011 6,583 0,044 6061,000 15,642 124147,656 478,459 2306618,750 1141,648 8181547,500 13774,146 13828173,000 3718,625 
|MuonHistosBeforeMuonID| 11,182 0,060 1,671 0,011 6,567 0,044 6041,291 15,615 123989,484 478,009 2295765,000 1138,931 8163950,500 13759,178 13784465,000 3712,744 
|MuonHistosBeforeMuonIso| 11,010 0,059 1,626 0,011 6,460 0,043 5952,028 15,496 117677,711 465,143 2275229,000 1133,854 7031030,000 12770,146 12109096,000 3479,813 
|MuonHistosAfterMuonIso| 10,652 0,058 1,314 0,010 6,160 0,042 5676,132 15,125 96162,453 435,495 2261052,500 1130,332 785963,312 4268,899 4236076,000 2058,173 
|MuonHistosBeforeMuonPt1| 10,652 0,058 1,314 0,010 6,160 0,042 5676,132 15,125 96162,453 435,495 2261052,500 1130,332 785963,312 4268,899 4236076,000 2058,173 
|MuonHistosAfterMuonPt1| 9,037 0,054 1,089 0,009 5,393 0,039 5344,344 14,642 82146,953 399,584 2170186,500 1107,377 174011,203 2006,794 2734920,000 1653,759 
|MuonHistosBeforeMuonPt2| 9,037 0,054 1,089 0,009 5,393 0,039 5344,344 14,642 82146,953 399,584 2170186,500 1107,377 174011,203 2006,794 2734920,000 1653,759 
|MuonHistosAfterMuonPt2| 5,972 0,044 0,436 0,006 3,763 0,033 3816,312 12,098 7492,243 44,010 1712226,500 983,640 8017,571 431,244 1943909,000 1394,241 
|MuonHistosBeforeEleSequence| 5,245 0,041 0,240 0,004 2,752 0,028 3402,686 11,639 5478,661 42,527 1673066,750 972,468 7432,779 415,483 1882376,000 1371,997 
|TauHistosBeforeTauEta| 5,245 0,041 0,240 0,004 2,752 0,028 3402,686 11,639 5478,661 42,527 1673066,750 972,468 7432,779 415,483 1882376,000 1371,997 
|TauHistosBeforeDeltaR| 5,245 0,041 0,240 0,004 2,752 0,028 3402,686 11,639 5478,661 42,527 1673066,750 972,468 7432,779 415,483 1882376,000 1371,997 
|TauHistosBeforeTauPt| 5,245 0,041 0,240 0,004 2,752 0,028 3402,686 11,639 5478,661 42,527 1673066,750 972,468 7432,779 415,483 1882376,000 1371,997 
|TauHistosBeforeTauID| 3,131 0,032 0,230 0,004 2,002 0,024 1165,993 5,754 3469,188 20,314 176682,109 313,146 829,839 138,625 204888,000 452,646 
|TauHistosBeforeTauIso| 2,877 0,030 0,225 0,004 1,890 0,023 1029,312 5,312 3237,367 17,772 121927,172 262,565 575,898 116,717 136063,000 368,867 
|TauHistosBeforeMuonVeto| 1,451 0,021 0,087 0,003 1,145 0,018 174,380 2,063 73,365 3,537 5861,652 57,420 4,087 4,087 6532,000 80,821 
|TauHistosBeforeEleVeto| 1,450 0,021 0,087 0,003 1,144 0,018 174,210 2,062 73,318 3,537 5856,996 57,399 4,087 4,087 6523,000 80,765 
|TauHistosBeforeHighestPt| 0,856 0,016 0,050 0,002 0,768 0,015 51,976 1,140 45,144 3,385 4469,204 50,150 4,087 4,087 4804,000 69,311 
|TauHistosBeforeDiTau| 0,856 0,016 0,050 0,002 0,768 0,015 51,976 1,140 45,144 3,385 4469,204 50,150 4,087 4,087 4804,000 69,311 
|EleHistosBeforeDeltaR| 0,856 0,016 0,050 0,002 0,768 0,015 51,976 1,140 45,144 3,385 4469,204 50,150 4,087 4,087 4804,000 69,311 
|EleHistosBeforeMu2TauPairs| 0,841 0,016 0,043 0,002 0,654 0,014 49,904 1,122 44,280 3,380 4432,914 49,949 4,087 4,087 4774,000 69,094 
|DiTauHistosBeforeCharge| 0,841 0,016 0,043 0,002 0,654 0,014 49,904 1,122 44,280 3,380 4432,914 49,949 4,087 4,087 4774,000 69,094 
|DiTauHistosBeforeDeltaR| 0,713 0,015 0,030 0,002 0,341 0,010 25,636 0,796 24,762 3,273 2200,558 35,204 0,000 0,000 2387,000 48,857 
|DiTauHistosBeforeOnePair| 0,713 0,015 0,030 0,002 0,341 0,010 25,555 0,795 24,761 3,273 2194,527 35,155 0,000 0,000 2380,000 48,785 
|DiTauHistosFinalForMuTau| 0,713 0,015 0,030 0,002 0,341 0,010 25,555 0,795 24,761 3,273 2194,527 35,155 0,000 0,000 2380,000 48,785 
|JetHistosBeforeJetEt| 0,713 0,015 0,030 0,002 0,341 0,010 25,555 0,795 24,761 3,273 2194,527 35,155 0,000 0,000 2380,000 48,785 
|JetHistosBeforeJetEta| 0,713 0,015 0,030 0,002 0,341 0,010 25,555 0,795 24,761 3,273 2194,527 35,155 0,000 0,000 2380,000 48,785 
|JetHistosBeforeJetBTag| 0,713 0,015 0,030 0,002 0,341 0,010 25,555 0,795 24,761 3,273 2194,527 35,155 0,000 0,000 2380,000 48,785 
|JetHistosAfterJetBTag| 0,675 0,015 0,006 0,001 0,311 0,009 23,486 0,767 7,380 3,173 2122,038 34,561 0,000 0,000 2263,000 47,571 
|JetHistosAfterNumJet| 0,675 0,015 0,006 0,001 0,311 0,009 23,486 0,767 7,380 3,173 2122,038 34,561 0,000 0,000 2263,000 47,571 
|CompCandHistosBeforeSel| 0,675 0,015 0,006 0,001 0,311 0,009 23,486 0,767 7,380 3,173 2122,038 34,561 0,000 0,000 2263,000 47,571 
|CompCandHistosAfterSel| 0,340 0,010 0,003 0,000 0,018 0,002 1,587 0,211 0,563 0,143 0,000 0,000 0,000 0,000 3,000 1,732 
|MuonHistosFinal| 0,340 0,010 0,003 0,000 0,018 0,002 1,587 0,211 0,563 0,143 0,000 0,000 0,000 0,000 3,000 1,732 
|EleHistosFinal| 0,340 0,010 0,003 0,000 0,018 0,002 1,587 0,211 0,563 0,143 0,000 0,000 0,000 0,000 3,000 1,732 
|TauHistosFinal| 0,340 0,010 0,003 0,000 0,018 0,002 1,587 0,211 0,563 0,143 0,000 0,000 0,000 0,000 3,000 1,732 
|DiTauHistosFinal| 0,340 0,010 0,003 0,000 0,018 0,002 1,587 0,211 0,563 0,143 0,000 0,000 0,000 0,000 3,000 1,732 

----------------------------------------------------------------------------------------------------
Absolute efficiencies
----------------------------------------------------------------------------------------------------

 Cut WH_120 Err, TTH_120 Err, ZH_120 Err, DiBosons Err, EWK Err, DY Err, QCD Err, Data Err,
|VertexHistosBeforeMCFilter| 2,2124297881 0,0113558538 3,6620398679 0,0226468473 3,6371218565 0,0224217064 1,0000000000 0,0029394279 1,0000000000 0,0027320286 1,0000000000 0,0006623685 1,0000000000 0,0012233933 1,0000000000 0,0003095446 
|TriggerHistosBeforeSel| 1,0000000000 0,0060241061 1,0000000000 0,0077516857 1,0000000000 0,0077205064 1,0000000000 0,0029394279 1,0000000000 0,0027320286 1,0000000000 0,0006623685 1,0000000000 0,0012233933 1,0000000000 0,0003095446 
|TriggerHistosAfterSel| 0,6423871424 0,0043771561 0,6419997123 0,0056263921 0,6815004651 0,0058449376 0,5817464663 0,0019272264 0,1818135742 0,0007837179 0,8986006241 0,0006118634 0,2648327019 0,0005010519 0,6635694976 0,0002299704 
|VertexHistosBeforeSel| 0,6423871424 0,0043771561 0,6419997123 0,0056263921 0,6815004651 0,0058449376 0,5817464663 0,0019272264 0,1818135742 0,0007837179 0,8986006241 0,0006118634 0,2648327019 0,0005010519 0,6635694976 0,0002299704 
|VertexHistosAfterSel| 0,6411097245 0,0043709980 0,6419370262 0,0056260024 0,6807999400 0,0058406625 0,5810978126 0,0019255600 0,1817267071 0,0007834283 0,8960149780 0,0006105642 0,2645299887 0,0005007049 0,6624930796 0,0002297095 
|MuonHistosBeforeMuonEta| 0,6411097245 0,0043709980 0,6419370262 0,0056260024 0,6807999400 0,0058406625 0,5810978126 0,0019255600 0,1817267071 0,0007834283 0,8960149780 0,0006105642 0,2645299887 0,0005007049 0,6624930796 0,0002297095 
|MuonHistosBeforeMuonID| 0,6396733795 0,0043641528 0,6419363852 0,0056260001 0,6790945858 0,0058303054 0,5792082156 0,0019210865 0,1814951759 0,0007826388 0,8917987968 0,0006084407 0,2639610335 0,0005000495 0,6603990757 0,0002292017 
|MuonHistosBeforeMuonIso| 0,6298888078 0,0043175940 0,6244954325 0,0055195516 0,6680356478 0,0057637806 0,5706501161 0,0019010904 0,1722560341 0,0007578424 0,8838215082 0,0006044435 0,2273308670 0,0004573324 0,5801339266 0,0002095653 
|MuonHistosAfterMuonIso| 0,6093932718 0,0042201176 0,5048420711 0,0047764280 0,6370640136 0,0055760010 0,5441986599 0,0018390735 0,1407621093 0,0006930518 0,8783145919 0,0006016809 0,0254121688 0,0001397639 0,2029459014 0,0001081487 
|MuonHistosBeforeMuonPt1| 0,6093932718 0,0042201176 0,5048420711 0,0047764280 0,6370640136 0,0055760010 0,5441986599 0,0018390735 0,1407621093 0,0006930518 0,8783145919 0,0006016809 0,0254121688 0,0001397639 0,2029459014 0,0001081487 
|MuonHistosAfterMuonPt1| 0,5169620957 0,0037730945 0,4184031395 0,0042210984 0,5577663514 0,0050889507 0,5123884612 0,0017620921 0,1202462917 0,0006293486 0,8430173426 0,0005839010 0,0056262194 0,0000650670 0,1310271121 0,0000842608 
|MuonHistosBeforeMuonPt2| 0,5169620957 0,0037730945 0,4184031395 0,0042210984 0,5577663514 0,0050889507 0,5123884612 0,0017620921 0,1202462917 0,0006293486 0,8430173426 0,0005839010 0,0056262194 0,0000650670 0,1310271121 0,0000842608 
|MuonHistosAfterMuonPt2| 0,3416585003 0,0028839217 0,1673666109 0,0024230516 0,3891864480 0,0040155450 0,3658885834 0,0013870136 0,0109671074 0,0000678160 0,6651210087 0,0004929949 0,0002592282 0,0000139450 0,0931306153 0,0000698378 
|MuonHistosBeforeEleSequence| 0,3000603083 0,0026605720 0,0922730352 0,0017409309 0,2846456929 0,0033057774 0,3262322079 0,0013057910 0,0080196356 0,0000641498 0,6499092523 0,0004851372 0,0002403204 0,0000134352 0,0901826346 0,0000686308 
|TauHistosBeforeTauEta| 0,3000603083 0,0026605720 0,0922730352 0,0017409309 0,2846456929 0,0033057774 0,3262322079 0,0013057910 0,0080196356 0,0000641498 0,6499092523 0,0004851372 0,0002403204 0,0000134352 0,0901826346 0,0000686308 
|TauHistosBeforeDeltaR| 0,3000603083 0,0026605720 0,0922730352 0,0017409309 0,2846456929 0,0033057774 0,3262322079 0,0013057910 0,0080196356 0,0000641498 0,6499092523 0,0004851372 0,0002403204 0,0000134352 0,0901826346 0,0000686308 
|TauHistosBeforeTauPt| 0,3000603083 0,0026605720 0,0922730352 0,0017409309 0,2846456929 0,0033057774 0,3262322079 0,0013057910 0,0080196356 0,0000641498 0,6499092523 0,0004851372 0,0002403204 0,0000134352 0,0901826346 0,0000686308 
|TauHistosBeforeTauID| 0,1790932531 0,0019572718 0,0882666536 0,0017002278 0,2070385913 0,0027320999 0,1117894747 0,0005986286 0,0050781804 0,0000313119 0,0686328490 0,0001258186 0,0000268308 0,0000044821 0,0098159664 0,0000217919 
|TauHistosBeforeTauIso| 0,1645990008 0,0018661659 0,0863738073 0,0016807000 0,1954811961 0,0026434562 0,0986851468 0,0005490773 0,0047388409 0,0000275780 0,0473630817 0,0001043790 0,0000186202 0,0000037738 0,0065186338 0,0000177295 
|TauHistosBeforeMuonVeto| 0,0829892141 0,0012779072 0,0334284964 0,0010186555 0,1183854468 0,0019898702 0,0167186463 0,0002008599 0,0001073912 0,0000051814 0,0022769813 0,0000223304 0,0000001321 0,0000001321 0,0003129412 0,0000038726 
|TauHistosBeforeEleVeto| 0,0829571273 0,0012776488 0,0334284964 0,0010186555 0,1183214769 0,0019892424 0,0167023609 0,0002007505 0,0001073228 0,0000051811 0,0022751726 0,0000223225 0,0000001321 0,0000001321 0,0003125100 0,0000038700 
|TauHistosBeforeHighestPt| 0,0489513003 0,0009663761 0,0190539685 0,0007623310 0,0794687190 0,0015998915 0,0049831556 0,0001098186 0,0000660810 0,0000049569 0,0017360794 0,0000194980 0,0000001321 0,0000001321 0,0002301545 0,0000033210 
|TauHistosBeforeDiTau| 0,0489513003 0,0009663761 0,0190539685 0,0007623310 0,0794687190 0,0015998915 0,0049831556 0,0001098186 0,0000660810 0,0000049569 0,0017360794 0,0000194980 0,0000001321 0,0000001321 0,0002301545 0,0000033210 
|EleHistosBeforeDeltaR| 0,0489513003 0,0009663761 0,0190539685 0,0007623310 0,0794687190 0,0015998915 0,0049831556 0,0001098186 0,0000660810 0,0000049569 0,0017360794 0,0000194980 0,0000001321 0,0000001321 0,0002301545 0,0000033210 
|EleHistosBeforeMu2TauPairs| 0,0481054624 0,0009578063 0,0163248288 0,0007054704 0,0676587358 0,0014692519 0,0047845435 0,0001080739 0,0000648161 0,0000049496 0,0017219826 0,0000194195 0,0000001321 0,0000001321 0,0002287173 0,0000033106 
|DiTauHistosBeforeCharge| 0,0481054624 0,0009578063 0,0163248288 0,0007054704 0,0676587358 0,0014692519 0,0047845435 0,0001080739 0,0000648161 0,0000049496 0,0017219826 0,0000194195 0,0000001321 0,0000001321 0,0002287173 0,0000033106 
|DiTauHistosBeforeDeltaR| 0,0407938760 0,0008783870 0,0116592825 0,0005954266 0,0352880299 0,0010442678 0,0024578586 0,0000765313 0,0000362458 0,0000047916 0,0008548153 0,0000136810 0,0000000000 0,0000000000 0,0001143586 0,0000023408 
|DiTauHistosBeforeOnePair| 0,0407625189 0,0008780681 0,0116592825 0,0005954266 0,0352515206 0,0010437499 0,0024501233 0,0000764063 0,0000362457 0,0000047916 0,0008524724 0,0000136620 0,0000000000 0,0000000000 0,0001140233 0,0000023374 
|DiTauHistosFinalForMuTau| 0,0407625189 0,0008780681 0,0116592825 0,0005954266 0,0352515206 0,0010437499 0,0024501233 0,0000764063 0,0000362457 0,0000047916 0,0008524724 0,0000136620 0,0000000000 0,0000000000 0,0001140233 0,0000023374 
|JetHistosBeforeJetEt| 0,0407625189 0,0008780681 0,0116592825 0,0005954266 0,0352515206 0,0010437499 0,0024501233 0,0000764063 0,0000362457 0,0000047916 0,0008524724 0,0000136620 0,0000000000 0,0000000000 0,0001140233 0,0000023374 
|JetHistosBeforeJetEta| 0,0407625189 0,0008780681 0,0116592825 0,0005954266 0,0352515206 0,0010437499 0,0024501233 0,0000764063 0,0000362457 0,0000047916 0,0008524724 0,0000136620 0,0000000000 0,0000000000 0,0001140233 0,0000023374 
|JetHistosBeforeJetBTag| 0,0407625189 0,0008780681 0,0116592825 0,0005954266 0,0352515206 0,0010437499 0,0024501233 0,0000764063 0,0000362457 0,0000047916 0,0008524724 0,0000136620 0,0000000000 0,0000000000 0,0001140233 0,0000023374 
|JetHistosAfterJetBTag| 0,0385923433 0,0008531977 0,0022233141 0,0002612620 0,0321296630 0,0009954199 0,0022517296 0,0000736577 0,0000108024 0,0000046452 0,0008243140 0,0000134308 0,0000000000 0,0000000000 0,0001084179 0,0000022792 
|JetHistosAfterNumJet| 0,0385923433 0,0008531977 0,0022233141 0,0002612620 0,0321296630 0,0009954199 0,0022517296 0,0000736577 0,0000108024 0,0000046452 0,0008243140 0,0000134308 0,0000000000 0,0000000000 0,0001084179 0,0000022792 
|CompCandHistosBeforeSel| 0,0385923433 0,0008531977 0,0022233141 0,0002612620 0,0321296630 0,0009954199 0,0022517296 0,0000736577 0,0000108024 0,0000046452 0,0008243140 0,0000134308 0,0000000000 0,0000000000 0,0001084179 0,0000022792 
|CompCandHistosAfterSel| 0,0194703903 0,0006006653 0,0010219560 0,0001788020 0,0018177243 0,0002341303 0,0001521508 0,0000201965 0,0000008242 0,0000002098 0,0000000000 0,0000000000 0,0000000000 0,0000000000 0,0000001437 0,0000000830 
|MuonHistosFinal| 0,0194703903 0,0006006653 0,0010219560 0,0001788020 0,0018177243 0,0002341303 0,0001521508 0,0000201965 0,0000008242 0,0000002098 0,0000000000 0,0000000000 0,0000000000 0,0000000000 0,0000001437 0,0000000830 
|EleHistosFinal| 0,0194703903 0,0006006653 0,0010219560 0,0001788020 0,0018177243 0,0002341303 0,0001521508 0,0000201965 0,0000008242 0,0000002098 0,0000000000 0,0000000000 0,0000000000 0,0000000000 0,0000001437 0,0000000830 
|TauHistosFinal| 0,0194703903 0,0006006653 0,0010219560 0,0001788020 0,0018177243 0,0002341303 0,0001521508 0,0000201965 0,0000008242 0,0000002098 0,0000000000 0,0000000000 0,0000000000 0,0000000000 0,0000001437 0,0000000830 
|DiTauHistosFinal| 0,0194703903 0,0006006653 0,0010219560 0,0001788020 0,0018177243 0,0002341303 0,0001521508 0,0000201965 0,0000008242 0,0000002098 0,0000000000 0,0000000000 0,0000000000 0,0000000000 0,0000001437 0,0000000830 

----------------------------------------------------------------------------------------------------
Relative efficiencies
----------------------------------------------------------------------------------------------------

 Cut WH_120 Err, TTH_120 Err, ZH_120 Err, DiBosons Err, EWK Err, DY Err, QCD Err, Data Err,
|VertexHistosBeforeMCFilter| 1,0000000000 0,0040497452 1,0000000000 0,0040497451 1,0000000000 0,0040497451 1,0000000000 0,0029394279 1,0000000000 0,0027320286 1,0000000000 0,0006623685 1,0000000000 0,0012233933 1,0000000000 0,0000000000 
|TriggerHistosBeforeSel| 0,4519917447 0,0023199616 0,2730718496 0,0016887354 0,2749426716 0,0016949346 1,0000000000 0,0029394279 1,0000000000 0,0027320286 1,0000000000 0,0006623685 1,0000000000 0,0012233933 1,0000000000 756234549374205931449371709728157867299505247900105965568,0000000000 
|TriggerHistosAfterSel| 0,6423871424 0,0043771561 0,6419997123 0,0056263921 0,6815004651 0,0058449376 0,5817464663 0,0019272264 0,1818135742 0,0007837179 0,8986006241 0,0006118634 0,2648327019 0,0005010519 0,6635694976 0,0000000019 
|VertexHistosBeforeSel| 1,0000000000 0,0075211950 1,0000000000 0,0096706599 1,0000000000 0,0093546215 1,0000000000 0,0036482094 1,0000000000 0,0054495719 1,0000000000 0,0006989537 1,0000000000 0,0023795602 1,0000000000 0,0000000043 
|VertexHistosAfterSel| 0,9980114516 0,0075098296 0,9999023582 0,0096699409 0,9989720841 0,0093473373 0,9988849891 0,0036448948 0,9995222190 0,0054473375 0,9971225859 0,0006974428 0,9988569646 0,0023775180 0,9983778368 0,0000000043 
|MuonHistosBeforeMuonEta| 1,0000000000 0,0075283893 1,0000000000 0,0096711106 1,0000000000 0,0093592887 1,0000000000 0,0036497173 1,0000000000 0,0054503108 1,0000000000 0,0006999568 1,0000000000 0,0023809169 1,0000000000 0,0000000043 
|MuonHistosBeforeMuonID| 0,9977595957 0,0075156867 0,9999990014 0,0096711057 0,9974950730 0,0093415984 0,9967482289 0,0036406431 0,9987259375 0,0054442748 0,9952945193 0,0006974775 0,9978491844 0,0023770631 0,9968392065 0,0000000043 
|MuonHistosBeforeMuonIso| 0,9847038004 0,0074500428 0,9728307149 0,0094739227 0,9837151728 0,0092565784 0,9852244854 0,0036144588 0,9490942843 0,0052403901 0,9910548336 0,0006968926 0,8612288867 0,0021339045 0,8784596283 0,0000000038 
|MuonHistosAfterMuonIso| 0,9674616603 0,0074092642 0,8083999414 0,0083833807 0,9536377523 0,0091193064 0,9536468048 0,0035527344 0,8171679442 0,0049120729 0,9937691986 0,0007014801 0,1117849465 0,0006401982 0,3498259490 0,0000000017 
|MuonHistosBeforeMuonPt1| 1,0000000000 0,0077216929 1,0000000000 0,0109060164 1,0000000000 0,0096753136 1,0000000000 0,0037683769 1,0000000000 0,0064046128 1,0000000000 0,0007069854 1,0000000000 0,0076811908 1,0000000000 0,0000000137 
|MuonHistosAfterMuonPt1| 0,8483226180 0,0068360678 0,8287802532 0,0094932775 0,8755263828 0,0087660494 0,9415467161 0,0035984798 0,8542518463 0,0056774350 0,9598125209 0,0006856365 0,2213986332 0,0028222918 0,6456258103 0,0000000082 
|MuonHistosBeforeMuonPt2| 1,0000000000 0,0083814666 1,0000000000 0,0119779267 1,0000000000 0,0103383446 1,0000000000 0,0038746470 1,0000000000 0,0068790966 1,0000000000 0,0007216280 1,0000000000 0,0163094986 1,0000000000 0,0000000196 
|MuonHistosAfterMuonPt2| 0,6608966172 0,0062078272 0,4000127989 0,0063410459 0,6977589218 0,0079585643 0,7140843543 0,0029920523 0,0912053689 0,0006955906 0,7889766617 0,0006062303 0,0460750293 0,0025345771 0,7107736241 0,0000000113 
|MuonHistosBeforeEleSequence| 0,8782462840 0,0093598037 0,5513228397 0,0123953227 0,7313864456 0,0098595572 0,8916162533 0,0041583305 0,7312443716 0,0071182074 0,9771293401 0,0007985471 0,9270611437 0,0719159300 0,9683457405 0,0000000203 
|TauHistosBeforeTauEta| 1,0000000000 0,0109977319 1,0000000000 0,0255313818 1,0000000000 0,0144964766 1,0000000000 0,0048375676 1,0000000000 0,0109775591 1,0000000000 0,0008220100 1,0000000000 0,0790526988 1,0000000000 0,0000000217 
|TauHistosBeforeDeltaR| 1,0000000000 0,0109977319 1,0000000000 0,0255313818 1,0000000000 0,0144964766 1,0000000000 0,0048375676 1,0000000000 0,0109775591 1,0000000000 0,0008220100 1,0000000000 0,0790526988 1,0000000000 0,0000000217 
|TauHistosBeforeTauPt| 1,0000000000 0,0109977319 1,0000000000 0,0255313818 1,0000000000 0,0144964766 1,0000000000 0,0048375676 1,0000000000 0,0109775591 1,0000000000 0,0008220100 1,0000000000 0,0790526988 1,0000000000 0,0000000217 
|TauHistosBeforeTauID| 0,5968575257 0,0075913260 0,9565812314 0,0247035425 0,7273554335 0,0114868654 0,3426684184 0,0020576247 0,6332183542 0,0061569085 0,1056037420 0,0001969773 0,1116459102 0,0196669396 0,1088454166 0,0000000018 
|TauHistosBeforeTauIso| 0,9190686856 0,0133720804 0,9785553631 0,0256967710 0,9441775799 0,0162825367 0,8827767288 0,0063038369 0,9331769436 0,0074900264 0,6900934809 0,0019246916 0,6939878589 0,1822701302 0,6640847683 0,0000000980 
|TauHistosBeforeMuonVeto| 0,5041902669 0,0091502609 0,3870212216 0,0136675275 0,6056104076 0,0121994457 0,1694140086 0,0021870577 0,0226619198 0,0010995753 0,0480750252 0,0004821791 0,0070967248 0,0072410070 0,0480071731 0,0000000076 
|TauHistosBeforeEleVeto| 0,9996133612 0,0209209216 1,0000000000 0,0423919634 0,9994596474 0,0224726377 0,9990259144 0,0167217479 0,9993626308 0,0681542527 0,9992056420 0,0138454312 1,0000000000 1,4142136303 0,9986221678 0,0000032812 
|TauHistosBeforeHighestPt| 0,5900795008 0,0143407615 0,5699917899 0,0283235925 0,6716339340 0,0168358481 0,2983503711 0,0074378173 0,6157222178 0,0548988930 0,7630539468 0,0113682269 1,0000000000 1,4142136303 0,7364709489 0,0000018623 
|TauHistosBeforeDiTau| 1,0000000000 0,0272611503 1,0000000000 0,0560478178 1,0000000000 0,0274046752 1,0000000000 0,0310274729 1,0000000000 0,1060474564 1,0000000000 0,0158692889 1,0000000000 1,4142136303 1,0000000000 0,0000034335 
|EleHistosBeforeDeltaR| 1,0000000000 0,0272611503 1,0000000000 0,0560478178 1,0000000000 0,0274046752 1,0000000000 0,0310274729 1,0000000000 0,1060474564 1,0000000000 0,0158692889 1,0000000000 1,4142136303 1,0000000000 0,0000034335 
|EleHistosBeforeMu2TauPairs| 0,9827208286 0,0269105918 0,8567679113 0,0500174440 0,8513882775 0,0243394844 0,9601433121 0,0301683002 0,9808581668 0,1049598551 0,9918800856 0,0157729957 1,0000000000 1,4142136303 0,9937552040 0,0000033832 
|DiTauHistosBeforeCharge| 1,0000000000 0,0275058241 1,0000000000 0,0606210295 1,0000000000 0,0297242454 1,0000000000 0,0318089125 1,0000000000 0,1079603704 1,0000000000 0,0159348825 1,0000000000 1,4142136303 1,0000000000 0,0000034258 
|DiTauHistosBeforeDeltaR| 0,8480092290 0,0243392139 0,7142054989 0,0474580928 0,5215591087 0,0187158325 0,5137080685 0,0197033750 0,5592104005 0,0853605032 0,4964134369 0,0097135959 0,0000000000 0,0000000000 0,5000000000 0,0000015763 
|DiTauHistosBeforeOnePair| 0,9992313274 0,0298328489 1,0000000000 0,0718051166 0,9989653910 0,0411010028 0,9968528423 0,0438318629 0,9999969189 0,1869365103 0,9972591071 0,0225775518 0,0000000000 0,0000000000 0,9970674487 0,0000062847 
|DiTauHistosFinalForMuTau| 1,0000000000 0,0298621014 1,0000000000 0,0718051166 1,0000000000 0,0411550493 1,0000000000 0,0440037401 1,0000000000 0,1869373743 1,0000000000 0,0226549256 0,0000000000 0,0000000000 1,0000000000 0,0000063217 
|JetHistosBeforeJetEt| 1,0000000000 0,0298621014 1,0000000000 0,0718051166 1,0000000000 0,0411550493 1,0000000000 0,0440037401 1,0000000000 0,1869373743 1,0000000000 0,0226549256 0,0000000000 0,0000000000 1,0000000000 0,0000063217 
|JetHistosBeforeJetEta| 1,0000000000 0,0298621014 1,0000000000 0,0718051166 1,0000000000 0,0411550493 1,0000000000 0,0440037401 1,0000000000 0,1869373743 1,0000000000 0,0226549256 0,0000000000 0,0000000000 1,0000000000 0,0000063217 
|JetHistosBeforeJetBTag| 1,0000000000 0,0298621014 1,0000000000 0,0718051166 1,0000000000 0,0411550493 1,0000000000 0,0440037401 1,0000000000 0,1869373743 1,0000000000 0,0226549256 0,0000000000 0,0000000000 1,0000000000 0,0000063217 
|JetHistosAfterJetBTag| 0,9467605131 0,0286618236 0,1906904730 0,0243879510 0,9114404842 0,0384203160 0,9190270420 0,0414469296 0,2980323441 0,1340755690 0,9669686023 0,0220900055 0,0000000000 0,0000000000 0,9508403361 0,0000058467 
|JetHistosAfterNumJet| 1,0000000000 0,0306795266 1,0000000000 0,1660036004 1,0000000000 0,0431286483 1,0000000000 0,0461677082 1,0000000000 0,6081274481 1,0000000000 0,0230327013 0,0000000000 0,0000000000 1,0000000000 0,0000064669 
|CompCandHistosBeforeSel| 1,0000000000 0,0306795266 1,0000000000 0,1660036004 1,0000000000 0,0431286483 1,0000000000 0,0461677082 1,0000000000 0,6081274481 1,0000000000 0,0230327013 0,0000000000 0,0000000000 1,0000000000 0,0000064669 
|CompCandHistosAfterSel| 0,5045143311 0,0189055340 0,4596543302 0,0968112721 0,0565746453 0,0074821378 0,0675706325 0,0092355432 0,0762995997 0,0381251320 0,0000000000 0,0000000000 0,0000000000 0,0000000000 0,0013256739 0,0000000061 
|MuonHistosFinal| 1,0000000000 0,0432108670 1,0000000000 0,2473101601 1,0000000000 0,1819927551 1,0000000000 0,1877000261 1,0000000000 0,3599091707 0,0000000000 0,0000000000 0,0000000000 0,0000000000 1,0000000000 0,0034663633 
|EleHistosFinal| 1,0000000000 0,0432108670 1,0000000000 0,2473101601 1,0000000000 0,1819927551 1,0000000000 0,1877000261 1,0000000000 0,3599091707 0,0000000000 0,0000000000 0,0000000000 0,0000000000 1,0000000000 0,0034663633 
|TauHistosFinal| 1,0000000000 0,0432108670 1,0000000000 0,2473101601 1,0000000000 0,1819927551 1,0000000000 0,1877000261 1,0000000000 0,3599091707 0,0000000000 0,0000000000 0,0000000000 0,0000000000 1,0000000000 0,0034663633 
|DiTauHistosFinal| 1,0000000000 0,0432108670 1,0000000000 0,2473101601 1,0000000000 0,1819927551 1,0000000000 0,1877000261 1,0000000000 0,3599091707 0,0000000000 0,0000000000 0,0000000000 0,0000000000 1,0000000000 0,0034663633 
