
----------------------------------------------------------------------------------------------------
Final table
----------------------------------------------------------------------------------------------------

 Cut WH_120 Err. TTH_120 Err. ZH_120 Err. DiBosons Err. EWK Err. DY Err. QCD Err. Data Err.
|VertexHistosBeforeMCFilter| 0.678 0.001 0.232 0.000 0.830 0.002 6459.289 11.854 2234734.750 2476.773 347771.906 402.049 263846432.000 305799.078 26281476.000 5126.546 
|TriggerHistosBeforeSel| 0.360 0.001 0.054 0.000 0.199 0.001 6459.289 11.854 2234734.750 2476.773 347771.906 402.049 263846432.000 305799.078 26281476.000 5126.546 
|TriggerHistosAfterSel| 0.149 0.001 0.024 0.000 0.069 0.000 2110.644 6.977 360078.500 993.551 81674.328 195.173 12525451.000 39941.442 7043571.000 2653.973 
|VertexHistosBeforeSel| 0.149 0.001 0.024 0.000 0.069 0.000 2110.644 6.977 360078.500 993.551 81674.328 195.173 12525451.000 39941.442 7043571.000 2653.973 
|VertexHistosAfterSel| 0.149 0.001 0.024 0.000 0.069 0.000 2106.567 6.970 359656.594 992.965 81489.875 194.955 12517942.000 39933.093 7039696.000 2653.243 
|MuonHistosBeforeMuonPt| 0.149 0.001 0.024 0.000 0.069 0.000 2106.567 6.970 359656.594 992.965 81489.875 194.955 12517942.000 39933.093 7039696.000 2653.243 
|MuonHistosBeforeMuonEta| 0.135 0.000 0.022 0.000 0.062 0.000 1966.031 6.742 324607.094 943.474 72094.102 183.377 7355113.500 29980.307 4148874.000 2036.878 
|MuonHistosBeforeMuonID| 0.129 0.000 0.021 0.000 0.059 0.000 1838.553 6.515 293439.000 896.627 67438.039 177.347 7098135.500 29441.473 3969532.000 1992.368 
|MuonHistosBeforeMuonIso| 0.125 0.000 0.020 0.000 0.057 0.000 1800.525 6.451 284818.969 883.368 66100.820 175.585 5898738.000 25105.172 3055746.000 1748.069 
|MuonHistosAfterMuonIso| 0.119 0.000 0.015 0.000 0.053 0.000 1692.076 6.274 257219.828 840.016 63649.875 172.308 463313.500 8387.356 442210.000 664.989 
|MuonHistosBeforeElePt| 0.100 0.000 0.008 0.000 0.035 0.000 1507.322 6.088 245323.781 821.930 29924.238 118.218 430733.312 8140.431 373414.000 611.076 
|EleHistosBeforeDeltaR| 0.100 0.000 0.008 0.000 0.035 0.000 1507.322 6.088 245323.781 821.930 29924.238 118.218 430733.312 8140.431 373414.000 611.076 
|EleHistosBeforeElePt| 0.100 0.000 0.008 0.000 0.035 0.000 1507.322 6.088 245323.781 821.930 29924.238 118.218 430733.312 8140.431 373414.000 611.076 
|EleHistosBeforeEleEta| 0.095 0.000 0.007 0.000 0.033 0.000 1417.117 5.909 187732.625 718.389 26341.803 110.912 330138.344 7388.253 302792.000 550.265 
|EleHistosBeforeEleCrack| 0.095 0.000 0.007 0.000 0.033 0.000 1416.912 5.909 187700.656 718.328 26336.166 110.901 330036.281 7388.097 302707.000 550.188 
|EleHistosBeforeEleID| 0.095 0.000 0.007 0.000 0.033 0.000 1416.912 5.909 187700.656 718.328 26336.166 110.901 330036.281 7388.097 302707.000 550.188 
|EleHistosAfterPreEleID| 0.062 0.000 0.005 0.000 0.020 0.000 946.699 4.861 23879.199 254.517 13147.698 78.398 77935.383 4042.387 82012.000 286.377 
|EleHistosAfterEleID| 0.051 0.000 0.004 0.000 0.016 0.000 821.274 4.531 3382.149 90.951 9644.680 67.134 40253.051 3164.659 41297.000 203.217 
|EleHistosBeforeEleTrk| 0.050 0.000 0.003 0.000 0.015 0.000 799.972 4.477 1328.750 52.105 9206.144 65.599 8584.666 1508.545 26912.000 164.049 
|EleHistosBeforeOneEle| 0.050 0.000 0.003 0.000 0.015 0.000 799.972 4.477 1328.750 52.105 9206.144 65.599 8584.666 1508.545 26912.000 164.049 
|EleHistosBeforeEleTauPairs| 0.046 0.000 0.003 0.000 0.012 0.000 777.172 4.460 1323.002 52.008 9190.817 65.545 8584.666 1508.545 26701.000 163.404 
|TauHistosBeforeTauEta| 0.046 0.000 0.003 0.000 0.012 0.000 777.172 4.460 1323.002 52.008 9190.817 65.545 8584.666 1508.545 26701.000 163.404 
|TauHistosBeforeDeltaR| 0.046 0.000 0.003 0.000 0.012 0.000 777.172 4.460 1323.002 52.008 9190.817 65.545 8584.666 1508.545 26701.000 163.404 
|TauHistosBeforeTauPt| 0.046 0.000 0.003 0.000 0.012 0.000 777.172 4.460 1323.002 52.008 9190.817 65.545 8584.666 1508.545 26701.000 163.404 
|TauHistosBeforeTauID| 0.024 0.000 0.003 0.000 0.006 0.000 102.314 1.577 367.410 22.462 946.992 20.897 361.850 102.195 6994.000 83.630 
|TauHistosBeforeTauIso| 0.021 0.000 0.003 0.000 0.005 0.000 76.441 1.370 309.640 20.300 682.019 17.882 180.827 64.627 5928.000 76.994 
|TauHistosBeforeMuonVeto| 0.009 0.000 0.001 0.000 0.001 0.000 4.424 0.263 11.840 5.109 26.066 3.512 0.000 0.000 134.000 11.576 
|TauHistosBeforeEleVeto| 0.009 0.000 0.001 0.000 0.001 0.000 4.389 0.262 11.840 5.109 26.066 3.512 0.000 0.000 134.000 11.576 
|TauHistosBeforeHighestPt| 0.008 0.000 0.001 0.000 0.001 0.000 3.265 0.237 8.291 4.211 21.719 3.207 0.000 0.000 95.000 9.747 
|TauHistosBeforeDiTau| 0.008 0.000 0.001 0.000 0.001 0.000 3.265 0.237 8.291 4.211 21.719 3.207 0.000 0.000 95.000 9.747 
|DiTauHistosBeforeCharge| 0.008 0.000 0.001 0.000 0.001 0.000 3.265 0.237 8.291 4.211 21.719 3.207 0.000 0.000 95.000 9.747 
|DiTauHistosBeforeDeltaR| 0.006 0.000 0.000 0.000 0.001 0.000 2.104 0.173 1.134 0.162 8.581 2.006 0.000 0.000 48.000 6.928 
|DiTauHistosBeforeOnePair| 0.006 0.000 0.000 0.000 0.001 0.000 2.104 0.173 1.131 0.162 8.581 2.006 0.000 0.000 48.000 6.928 
|DiTauHistosFinalForEleTau| 0.006 0.000 0.000 0.000 0.001 0.000 2.104 0.173 1.131 0.162 8.581 2.006 0.000 0.000 48.000 6.928 
|JetHistosBeforeJetEt| 0.006 0.000 0.000 0.000 0.001 0.000 2.104 0.173 1.131 0.162 8.581 2.006 0.000 0.000 48.000 6.928 
|JetHistosBeforeJetEta| 0.006 0.000 0.000 0.000 0.001 0.000 2.104 0.173 1.131 0.162 8.581 2.006 0.000 0.000 48.000 6.928 
|JetHistosBeforeJetBTag| 0.006 0.000 0.000 0.000 0.001 0.000 2.104 0.173 1.131 0.162 8.581 2.006 0.000 0.000 48.000 6.928 
|JetHistosAfterJetBTag| 0.006 0.000 0.000 0.000 0.001 0.000 2.018 0.170 0.346 0.159 8.059 1.947 0.000 0.000 27.000 5.196 
|JetHistosAfterNumJet| 0.006 0.000 0.000 0.000 0.001 0.000 2.018 0.170 0.346 0.159 8.059 1.947 0.000 0.000 27.000 5.196 
|CompCandHistosBeforeSel| 0.006 0.000 0.000 0.000 0.001 0.000 2.018 0.170 0.346 0.159 8.059 1.947 0.000 0.000 27.000 5.196 
|CompCandHistosAfterSel| 0.003 0.000 0.000 0.000 0.000 0.000 0.583 0.063 0.017 0.005 0.512 0.512 0.000 0.000 4.000 2.000 
|MuonHistosFinal| 0.003 0.000 0.000 0.000 0.000 0.000 0.583 0.063 0.017 0.005 0.512 0.512 0.000 0.000 4.000 2.000 
|EleHistosFinal| 0.003 0.000 0.000 0.000 0.000 0.000 0.583 0.063 0.017 0.005 0.512 0.512 0.000 0.000 4.000 2.000 
|TauHistosFinal| 0.003 0.000 0.000 0.000 0.000 0.000 0.583 0.063 0.017 0.005 0.512 0.512 0.000 0.000 4.000 2.000 
|DiTauHistosFinal| 0.003 0.000 0.000 0.000 0.000 0.000 0.583 0.063 0.017 0.005 0.512 0.512 0.000 0.000 4.000 2.000 

----------------------------------------------------------------------------------------------------
Absolute efficiencies
----------------------------------------------------------------------------------------------------

 Cut WH_120 Err. TTH_120 Err. ZH_120 Err. DiBosons Err. EWK Err. DY Err. QCD Err. Data Err.
|VertexHistosBeforeMCFilter| 1.8869185408 0.0051467325 4.3274813738 0.0191907728 4.1746265261 0.0182470395 1.0000000000 0.0025952962 1.0000000000 0.0015673834 1.0000000000 0.0016349301 1.0000000000 0.0016390792 1.0000000000 0.0002758609 
|TriggerHistosBeforeSel| 1.0000000000 0.0031185504 1.0000000000 0.0056522713 1.0000000000 0.0055521645 1.0000000000 0.0025952962 1.0000000000 0.0015673834 1.0000000000 0.0016349301 1.0000000000 0.0016390792 1.0000000000 0.0002758609 
|TriggerHistosAfterSel| 0.4139792143 0.0016871300 0.4411569124 0.0031865384 0.3485776762 0.0026925043 0.3267610448 0.0012354598 0.1611280712 0.0004791191 0.2348502759 0.0006234348 0.0474725048 0.0001610702 0.2680051531 0.0001137122 
|VertexHistosBeforeSel| 0.4139792143 0.0016871300 0.4411569124 0.0031865384 0.3485776762 0.0026925043 0.3267610448 0.0012354598 0.1611280712 0.0004791191 0.2348502759 0.0006234348 0.0474725048 0.0001610702 0.2680051531 0.0001137122 
|VertexHistosAfterSel| 0.4133082043 0.0016853620 0.4411308600 0.0031864236 0.3481739115 0.0026904905 0.3261298000 0.0012339150 0.1609392765 0.0004787974 0.2343198905 0.0006226043 0.0474440450 0.0001610292 0.2678577109 0.0001136743 
|MuonHistosBeforeMuonPt| 0.4133082043 0.0016853620 0.4411308600 0.0031864236 0.3481739115 0.0026904905 0.3261298000 0.0012339150 0.1609392765 0.0004787974 0.2343198905 0.0006226043 0.0474440450 0.0001610292 0.2678577109 0.0001136743 
|MuonHistosBeforeMuonEta| 0.3744553923 0.0015819878 0.4022493026 0.0030012368 0.3093835080 0.0024995218 0.3043726430 0.0011838771 0.1452553122 0.0004518384 0.2073028335 0.0005791978 0.0278764941 0.0001181320 0.1578630515 0.0000833958 
|MuonHistosBeforeMuonID| 0.3585204061 0.0015389616 0.3962370521 0.0029722836 0.2973926443 0.0024394066 0.2846369925 0.0011357960 0.1313082011 0.0004268008 0.1939145683 0.0005570519 0.0269025260 0.0001158601 0.1510391578 0.0000813327 
|MuonHistosBeforeMuonIso| 0.3483087530 0.0015111746 0.3764212621 0.0028762336 0.2870064820 0.0023870007 0.2787497211 0.0011220721 0.1274509061 0.0004197703 0.1900694654 0.0005506288 0.0223567094 0.0000986157 0.1162699538 0.0000702738 
|MuonHistosAfterMuonIso| 0.3322473436 0.0014671042 0.2819155264 0.0024020923 0.2658514258 0.0022778003 0.2619600686 0.0010837194 0.1151008316 0.0003969474 0.1830218999 0.0005387494 0.0017559968 0.0000318539 0.0168259195 0.0000255145 
|MuonHistosBeforeElePt| 0.2780041738 0.0013144061 0.1411007990 0.0016025121 0.1771880102 0.0017944274 0.2333572827 0.0010351978 0.1097775838 0.0003873988 0.0860455883 0.0003541851 0.0016325152 0.0000309109 0.0142082583 0.0000234158 
|EleHistosBeforeDeltaR| 0.2780041738 0.0013144061 0.1411007990 0.0016025121 0.1771880102 0.0017944274 0.2333572827 0.0010351978 0.1097775838 0.0003873988 0.0860455883 0.0003541851 0.0016325152 0.0000309109 0.0142082583 0.0000234158 
|EleHistosBeforeElePt| 0.2780041738 0.0013144061 0.1411007990 0.0016025121 0.1771880102 0.0017944274 0.2333572827 0.0010351978 0.1097775838 0.0003873988 0.0860455883 0.0003541851 0.0016325152 0.0000309109 0.0142082583 0.0000234158 
|EleHistosBeforeEleEta| 0.2651083355 0.0012770659 0.1353290892 0.0015652171 0.1675473274 0.0017381942 0.2193921303 0.0009994797 0.0840066701 0.0003346764 0.0757444815 0.0003307256 0.0012512519 0.0000280396 0.0115211185 0.0000210577 
|EleHistosBeforeEleCrack| 0.2650305463 0.0012768393 0.1352961151 0.0015649980 0.1675008790 0.0017379170 0.2193603809 0.0009993962 0.0839923648 0.0003346458 0.0757282735 0.0003306882 0.0012508651 0.0000280390 0.0115178843 0.0000210547 
|EleHistosBeforeEleID| 0.2650305463 0.0012768393 0.1352961151 0.0015649980 0.1675008790 0.0017379170 0.2193603809 0.0009993962 0.0839923648 0.0003346458 0.0757282735 0.0003306882 0.0012508651 0.0000280390 0.0115178843 0.0000210547 
|EleHistosAfterPreEleID| 0.1715455561 0.0009885692 0.0865076105 0.0012249523 0.0989001092 0.0012949143 0.1465639586 0.0007991212 0.0106854736 0.0001145053 0.0378055214 0.0002296276 0.0002953816 0.0000153248 0.0031205249 0.0000109135 
|EleHistosAfterEleID| 0.1428995173 0.0008911630 0.0739880190 0.0011257981 0.0805022669 0.0011579881 0.1271461699 0.0007393304 0.0015134455 0.0000407333 0.0277327740 0.0001956841 0.0001525624 0.0000119956 0.0015713349 0.0000077384 
|EleHistosBeforeEleTrk| 0.1380562968 0.0008740731 0.0634742329 0.0010376792 0.0761667644 0.0011242568 0.1238483780 0.0007293874 0.0005945894 0.0000233254 0.0264717862 0.0001910939 0.0000325366 0.0000057176 0.0010239912 0.0000062452 
|EleHistosBeforeOneEle| 0.1380562968 0.0008740731 0.0634742329 0.0010376792 0.0761667644 0.0011242568 0.1238483780 0.0007293874 0.0005945894 0.0000233254 0.0264717862 0.0001910939 0.0000325366 0.0000057176 0.0010239912 0.0000062452 
|EleHistosBeforeEleTauPairs| 0.1282482713 0.0008388144 0.0544429613 0.0009567331 0.0603286223 0.0009929878 0.1203184757 0.0007249645 0.0005920176 0.0000232818 0.0264277166 0.0001909310 0.0000325366 0.0000057176 0.0010159627 0.0000062206 
|TauHistosBeforeTauEta| 0.1282482713 0.0008388144 0.0544429613 0.0009567331 0.0603286223 0.0009929878 0.1203184757 0.0007249645 0.0005920176 0.0000232818 0.0264277166 0.0001909310 0.0000325366 0.0000057176 0.0010159627 0.0000062206 
|TauHistosBeforeDeltaR| 0.1282482713 0.0008388144 0.0544429613 0.0009567331 0.0603286223 0.0009929878 0.1203184757 0.0007249645 0.0005920176 0.0000232818 0.0264277166 0.0001909310 0.0000325366 0.0000057176 0.0010159627 0.0000062206 
|TauHistosBeforeTauPt| 0.1282482713 0.0008388144 0.0544429613 0.0009567331 0.0603286223 0.0009929878 0.1203184757 0.0007249645 0.0005920176 0.0000232818 0.0264277166 0.0001909310 0.0000325366 0.0000057176 0.0010159627 0.0000062206 
|TauHistosBeforeTauID| 0.0671730331 0.0005904086 0.0488096482 0.0009032942 0.0299394293 0.0006895698 0.0158398242 0.0002458874 0.0001644087 0.0000100528 0.0027230260 0.0000601711 0.0000013714 0.0000003873 0.0002661190 0.0000031825 
|TauHistosBeforeTauIso| 0.0592176933 0.0005522759 0.0468813000 0.0008844759 0.0273417861 0.0006583183 0.0118342134 0.0002132311 0.0001385578 0.0000090850 0.0019611109 0.0000514682 0.0000006853 0.0000002449 0.0002255581 0.0000029299 
|TauHistosBeforeMuonVeto| 0.0253394152 0.0003554429 0.0123805611 0.0004450059 0.0051951021 0.0002838617 0.0006849680 0.0000406651 0.0000052984 0.0000022860 0.0000749526 0.0000100976 0.0000000000 0.0000000000 0.0000050986 0.0000004405 
|TauHistosBeforeEleVeto| 0.0253199653 0.0003553031 0.0123805611 0.0004450059 0.0051620497 0.0002828881 0.0006795279 0.0000406020 0.0000052980 0.0000022860 0.0000749526 0.0000100976 0.0000000000 0.0000000000 0.0000050986 0.0000004405 
|TauHistosBeforeHighestPt| 0.0212012764 0.0003244699 0.0103308469 0.0004070628 0.0041216215 0.0002533766 0.0005054575 0.0000366877 0.0000037100 0.0000018845 0.0000624513 0.0000092223 0.0000000000 0.0000000000 0.0000036147 0.0000003709 
|TauHistosBeforeDiTau| 0.0212012764 0.0003244699 0.0103308469 0.0004070628 0.0041216215 0.0002533766 0.0005054575 0.0000366877 0.0000037100 0.0000018845 0.0000624513 0.0000092223 0.0000000000 0.0000000000 0.0000036147 0.0000003709 
|DiTauHistosBeforeCharge| 0.0212012764 0.0003244699 0.0103308469 0.0004070628 0.0041216215 0.0002533766 0.0005054575 0.0000366877 0.0000037100 0.0000018845 0.0000624513 0.0000092223 0.0000000000 0.0000000000 0.0000036147 0.0000003709 
|DiTauHistosBeforeDeltaR| 0.0176174833 0.0002952582 0.0069839111 0.0003336962 0.0031378217 0.0002210917 0.0003257017 0.0000268059 0.0000005074 0.0000000724 0.0000246754 0.0000057689 0.0000000000 0.0000000000 0.0000018264 0.0000002636 
|DiTauHistosBeforeOnePair| 0.0176077570 0.0002951753 0.0069839111 0.0003336962 0.0031207181 0.0002204254 0.0003257017 0.0000268059 0.0000005061 0.0000000724 0.0000246754 0.0000057689 0.0000000000 0.0000000000 0.0000018264 0.0000002636 
|DiTauHistosFinalForEleTau| 0.0176077570 0.0002951753 0.0069839111 0.0003336962 0.0031048006 0.0002198465 0.0003257017 0.0000268059 0.0000005061 0.0000000724 0.0000246754 0.0000057689 0.0000000000 0.0000000000 0.0000018264 0.0000002636 
|JetHistosBeforeJetEt| 0.0176077570 0.0002951753 0.0069839111 0.0003336962 0.0031048006 0.0002198465 0.0003257017 0.0000268059 0.0000005061 0.0000000724 0.0000246754 0.0000057689 0.0000000000 0.0000000000 0.0000018264 0.0000002636 
|JetHistosBeforeJetEta| 0.0176077570 0.0002951753 0.0069839111 0.0003336962 0.0031048006 0.0002198465 0.0003257017 0.0000268059 0.0000005061 0.0000000724 0.0000246754 0.0000057689 0.0000000000 0.0000000000 0.0000018264 0.0000002636 
|JetHistosBeforeJetBTag| 0.0176077570 0.0002951753 0.0069839111 0.0003336962 0.0031048006 0.0002198465 0.0003257017 0.0000268059 0.0000005061 0.0000000724 0.0000246754 0.0000057689 0.0000000000 0.0000000000 0.0000018264 0.0000002636 
|JetHistosAfterJetBTag| 0.0166595347 0.0002869835 0.0012596763 0.0001407772 0.0029349909 0.0002137439 0.0003123964 0.0000263182 0.0000001548 0.0000000710 0.0000231732 0.0000055985 0.0000000000 0.0000000000 0.0000010273 0.0000001977 
|JetHistosAfterNumJet| 0.0166595347 0.0002869835 0.0012596763 0.0001407772 0.0029349909 0.0002137439 0.0003123964 0.0000263182 0.0000001548 0.0000000710 0.0000231732 0.0000055985 0.0000000000 0.0000000000 0.0000010273 0.0000001977 
|CompCandHistosBeforeSel| 0.0166595347 0.0002869835 0.0012596763 0.0001407772 0.0029349909 0.0002137439 0.0003123964 0.0000263182 0.0000001548 0.0000000710 0.0000231732 0.0000055985 0.0000000000 0.0000000000 0.0000010273 0.0000001977 
|CompCandHistosAfterSel| 0.0087819964 0.0002075549 0.0004746453 0.0000872168 0.0013991029 0.0001480621 0.0000902621 0.0000097894 0.0000000076 0.0000000022 0.0000014716 0.0000014716 0.0000000000 0.0000000000 0.0000001522 0.0000000761 
|MuonHistosFinal| 0.0087819964 0.0002075549 0.0004746453 0.0000872168 0.0013991029 0.0001480621 0.0000902621 0.0000097894 0.0000000076 0.0000000022 0.0000014716 0.0000014716 0.0000000000 0.0000000000 0.0000001522 0.0000000761 
|EleHistosFinal| 0.0087819964 0.0002075549 0.0004746453 0.0000872168 0.0013991029 0.0001480621 0.0000902621 0.0000097894 0.0000000076 0.0000000022 0.0000014716 0.0000014716 0.0000000000 0.0000000000 0.0000001522 0.0000000761 
|TauHistosFinal| 0.0087819964 0.0002075549 0.0004746453 0.0000872168 0.0013991029 0.0001480621 0.0000902621 0.0000097894 0.0000000076 0.0000000022 0.0000014716 0.0000014716 0.0000000000 0.0000000000 0.0000001522 0.0000000761 
|DiTauHistosFinal| 0.0087819964 0.0002075549 0.0004746453 0.0000872168 0.0013991029 0.0001480621 0.0000902621 0.0000097894 0.0000000076 0.0000000022 0.0000014716 0.0000014716 0.0000000000 0.0000000000 0.0000001522 0.0000000761 

----------------------------------------------------------------------------------------------------
Relative efficiencies
----------------------------------------------------------------------------------------------------

 Cut WH_120 Err. TTH_120 Err. ZH_120 Err. DiBosons Err. EWK Err. DY Err. QCD Err. Data Err.
|VertexHistosBeforeMCFilter| 1.0000000000 0.0022702630 1.0000000000 0.0027172949 1.0000000000 0.0027172949 1.0000000000 0.0025952962 1.0000000000 0.0015673834 1.0000000000 0.0016349301 1.0000000000 0.0016390792 1.0000000000 0.0000000000 
|TriggerHistosBeforeSel| 0.5299645842 0.0014455240 0.2310812950 0.0010247597 0.2395423863 0.0010470253 1.0000000000 0.0025952962 1.0000000000 0.0015673834 1.0000000000 0.0016349301 1.0000000000 0.0016390792 1.0000000000 0.0000000000 
|TriggerHistosAfterSel| 0.4139792143 0.0016871300 0.4411569124 0.0031865384 0.3485776762 0.0026925043 0.3267610448 0.0012354598 0.1611280712 0.0004791191 0.2348502759 0.0006234348 0.0474725048 0.0001610702 0.2680051531 0.0000000000 
|VertexHistosBeforeSel| 1.0000000000 0.0048468938 1.0000000000 0.0085087808 1.0000000000 0.0094075409 1.0000000000 0.0046749612 1.0000000000 0.0039021876 1.0000000000 0.0033794769 1.0000000000 0.0045096763 1.0000000000 0.0000000001 
|VertexHistosAfterSel| 0.9983791214 0.0048410011 0.9999409454 0.0085084194 0.9988416794 0.0093992469 0.9980681761 0.0046680140 0.9988282937 0.0038987492 0.9977416022 0.0033737764 0.9994005006 0.0045078532 0.9994498529 0.0000000001 
|MuonHistosBeforeMuonPt| 1.0000000000 0.0048508264 1.0000000000 0.0085090630 1.0000000000 0.0094127520 1.0000000000 0.0046791364 1.0000000000 0.0039044575 1.0000000000 0.0033833479 1.0000000000 0.0045114382 1.0000000000 0.0000000001 
|MuonHistosBeforeMuonEta| 0.9059955463 0.0045073856 0.9118593575 0.0079439932 0.8885890004 0.0086224079 0.9332868169 0.0044473923 0.9025473171 0.0036180996 0.8847001123 0.0030892748 0.5875657117 0.0030412569 0.5893541426 0.0000000000 
|MuonHistosBeforeMuonID| 0.9574449011 0.0049333210 0.9850534221 0.0088100091 0.9612427184 0.0096951113 0.9351595783 0.0046113796 0.9039820930 0.0038122316 0.9354168732 0.0034223326 0.9650613141 0.0056122092 0.9567733318 0.0000000001 
|MuonHistosBeforeMuonIso| 0.9715172333 0.0050969029 0.9499900630 0.0086394691 0.9650759277 0.0099185906 0.9793165626 0.0049347087 0.9706241118 0.0042259442 0.9801711502 0.0036637627 0.8310264012 0.0049386875 0.7698000671 0.0000000001 
|MuonHistosAfterMuonIso| 0.9538874369 0.0051009833 0.7489362445 0.0074532311 0.9262906675 0.0097921571 0.9397680025 0.0048452813 0.9030993591 0.0040674064 0.9629211060 0.0036520639 0.0785445124 0.0014606570 0.1447142531 0.0000000000 
|MuonHistosBeforeElePt| 0.8367385900 0.0047426991 0.5005073711 0.0065188843 0.6664926082 0.0080296277 0.8908124202 0.0048838911 0.9537514391 0.0044623163 0.4701382097 0.0022515393 0.9296800385 0.0243301070 0.8444268560 0.0000000008 
|EleHistosBeforeDeltaR| 1.0000000000 0.0059146234 1.0000000000 0.0150341106 1.0000000000 0.0132021166 1.0000000000 0.0057116132 1.0000000000 0.0047381627 1.0000000000 0.0055869502 1.0000000000 0.0267272290 1.0000000000 0.0000000011 
|EleHistosBeforeElePt| 1.0000000000 0.0059146234 1.0000000000 0.0150341106 1.0000000000 0.0132021166 1.0000000000 0.0057116132 1.0000000000 0.0047381627 1.0000000000 0.0055869502 1.0000000000 0.0267272290 1.0000000000 0.0000000011 
|EleHistosBeforeEleEta| 0.9536127888 0.0057084392 0.9590951309 0.0145710085 0.9455906596 0.0126639182 0.9401554894 0.0054575743 0.7652442990 0.0038921095 0.8802831500 0.0050824722 0.7664564921 0.0224508154 0.8108747931 0.0000000009 
|EleHistosBeforeEleCrack| 0.9997065756 0.0060554369 0.9997563411 0.0153463276 0.9997227739 0.0135775822 0.9998552850 0.0058962107 0.9998297113 0.0054110238 0.9997860162 0.0059536038 0.9996908493 0.0316438311 0.9997192792 0.0000000013 
|EleHistosBeforeEleID| 1.0000000000 0.0060576585 1.0000000000 0.0153509720 1.0000000000 0.0135822810 1.0000000000 0.0058972793 1.0000000000 0.0054121763 1.0000000000 0.0059552013 1.0000000000 0.0316581749 1.0000000000 0.0000000013 
|EleHistosAfterPreEleID| 0.6472671112 0.0044229658 0.6393946376 0.0111180997 0.5904453150 0.0093031508 0.6681423416 0.0044193225 0.1272195830 0.0014407288 0.4992259782 0.0036442876 0.2361418645 0.0133403554 0.2709286538 0.0000000003 
|EleHistosAfterEleID| 0.8330120612 0.0065789462 0.8552775719 0.0171073498 0.8139755109 0.0151740214 0.8675132083 0.0065383551 0.1416357868 0.0040970548 0.7335641197 0.0067235246 0.5164926293 0.0486471861 0.5035482612 0.0000000018 
|EleHistosBeforeEleTrk| 0.9661075100 0.0080396795 0.8578988015 0.0185360818 0.9461443422 0.0187794700 0.9740629862 0.0076549790 0.3928713865 0.0186804574 0.9545307727 0.0095082829 0.2132674629 0.0410562987 0.6516696128 0.0000000046 
|EleHistosBeforeOneEle| 1.0000000000 0.0083931434 1.0000000000 0.0224180400 1.0000000000 0.0201225266 1.0000000000 0.0079141331 1.0000000000 0.0554565280 1.0000000000 0.0100771279 1.0000000000 0.2485134248 1.0000000000 0.0000000109 
|EleHistosBeforeEleTauPairs| 0.9289563337 0.0079445352 0.8577175160 0.0200075363 0.7920596700 0.0169501649 0.9714981953 0.0077874029 0.9956745527 0.0552849236 0.9983352235 0.0100645528 1.0000000000 0.2485134248 0.9921596314 0.0000000105 
|TauHistosBeforeTauEta| 1.0000000000 0.0087081720 1.0000000000 0.0242008564 1.0000000000 0.0226056062 1.0000000000 0.0081163311 1.0000000000 0.0555935764 1.0000000000 0.0100855424 1.0000000000 0.2485134248 1.0000000000 0.0000000106 
|TauHistosBeforeDeltaR| 1.0000000000 0.0087081720 1.0000000000 0.0242008564 1.0000000000 0.0226056062 1.0000000000 0.0081163311 1.0000000000 0.0555935764 1.0000000000 0.0100855424 1.0000000000 0.2485134248 1.0000000000 0.0000000106 
|TauHistosBeforeTauPt| 1.0000000000 0.0087081720 1.0000000000 0.0242008564 1.0000000000 0.0226056062 1.0000000000 0.0081163311 1.0000000000 0.0555935764 1.0000000000 0.0100855424 1.0000000000 0.2485134248 1.0000000000 0.0000000106 
|TauHistosBeforeTauID| 0.5237734003 0.0055010288 0.8965281652 0.0223117745 0.4962723856 0.0137761309 0.1316491426 0.0021653967 0.2777092229 0.0201848152 0.1030367490 0.0023894899 0.0421507093 0.0140206329 0.2619377551 0.0000000020 
|TauHistosBeforeTauIso| 0.8815694412 0.0109579338 0.9604924791 0.0247962973 0.9132367150 0.0300033181 0.7471177251 0.0176625756 0.8427639575 0.0755463371 0.7201954482 0.0246805372 0.4997287278 0.2276344504 0.8475836431 0.0000000234 
|TauHistosBeforeMuonVeto| 0.4279027736 0.0070832715 0.2640831443 0.0106158603 0.1900059527 0.0112960907 0.0578803179 0.0035878633 0.0382395089 0.0166877406 0.0382194618 0.0052453438 0.0000000000 0.0000000000 0.0226045884 0.0000000005 
|TauHistosBeforeEleVeto| 0.9992324249 0.0195796249 1.0000000000 0.0505171559 0.9936377757 0.0766965861 0.9920577911 0.0835211089 0.9999338737 0.6101394581 1.0000000000 0.1905158181 0.0000000000 0.0000000000 1.0000000000 0.0000009415 
|TauHistosBeforeHighestPt| 0.8373343405 0.0171889659 0.8344409241 0.0442535941 0.7984466877 0.0656066366 0.7438363122 0.0699035503 0.7002596172 0.4667067889 0.8332103789 0.1665458276 0.0000000000 0.0000000000 0.7089552239 0.0000006108 
|TauHistosBeforeDiTau| 1.0000000000 0.0214176468 1.0000000000 0.0554363616 1.0000000000 0.0867612909 1.0000000000 0.1026152985 1.0000000000 0.7183582927 1.0000000000 0.2088332777 0.0000000000 0.0000000000 1.0000000000 0.0000012152 
|DiTauHistosBeforeCharge| 1.0000000000 0.0214176468 1.0000000000 0.0554363616 1.0000000000 0.0867612909 1.0000000000 0.1026152985 1.0000000000 0.7183582927 1.0000000000 0.2088332777 0.0000000000 0.0000000000 1.0000000000 0.0000012152 
|DiTauHistosBeforeDeltaR| 0.8309633299 0.0186804573 0.6760250320 0.0416928083 0.7613075793 0.0710630582 0.6443701814 0.0706907111 0.1367672263 0.0721621228 0.3951137570 0.1092570855 0.0000000000 0.0000000000 0.5052631579 0.0000005597 
|DiTauHistosBeforeOnePair| 0.9994479207 0.0234855619 1.0000000000 0.0673353039 0.9945492156 0.0990704364 1.0000000000 0.1163637800 0.9974477478 0.2015831942 1.0000000000 0.3306295889 0.0000000000 0.0000000000 1.0000000000 0.0000021919 
|DiTauHistosFinalForEleTau| 1.0000000000 0.0235017792 1.0000000000 0.0673353039 0.9948994103 0.0993507412 1.0000000000 0.1163637800 1.0000000000 0.2023499614 1.0000000000 0.3306295889 0.0000000000 0.0000000000 1.0000000000 0.0000021919 
|JetHistosBeforeJetEt| 1.0000000000 0.0235017792 1.0000000000 0.0673353039 1.0000000000 0.0999844028 1.0000000000 0.1163637800 1.0000000000 0.2023499614 1.0000000000 0.3306295889 0.0000000000 0.0000000000 1.0000000000 0.0000021919 
|JetHistosBeforeJetEta| 1.0000000000 0.0235017792 1.0000000000 0.0673353039 1.0000000000 0.0999844028 1.0000000000 0.1163637800 1.0000000000 0.2023499614 1.0000000000 0.3306295889 0.0000000000 0.0000000000 1.0000000000 0.0000021919 
|JetHistosBeforeJetBTag| 1.0000000000 0.0235017792 1.0000000000 0.0673353039 1.0000000000 0.0999844028 1.0000000000 0.1163637800 1.0000000000 0.2023499614 1.0000000000 0.3306295889 0.0000000000 0.0000000000 1.0000000000 0.0000021919 
|JetHistosAfterJetBTag| 0.9461474657 0.0225503368 0.1803683173 0.0218986668 0.9453073682 0.0958761052 0.9591486113 0.1129366601 0.3059437711 0.1469920664 0.9391227048 0.3157247349 0.0000000000 0.0000000000 0.5625000000 0.0000011993 
|JetHistosAfterNumJet| 1.0000000000 0.0241613573 1.0000000000 0.1579466220 1.0000000000 0.1028418843 1.0000000000 0.1191137225 1.0000000000 0.6486351644 1.0000000000 0.3416621770 0.0000000000 0.0000000000 1.0000000000 0.0000037903 
|CompCandHistosBeforeSel| 1.0000000000 0.0241613573 1.0000000000 0.1579466220 1.0000000000 0.1028418843 1.0000000000 0.1191137225 1.0000000000 0.6486351644 1.0000000000 0.3416621770 0.0000000000 0.0000000000 1.0000000000 93199345970788034565350829027837974111202672676446441127811505668045751687586568016268099584.0000000000 
|CompCandHistosAfterSel| 0.5271453594 0.0153289255 0.3767994121 0.0810094180 0.4766975235 0.0611810164 0.2889343986 0.0396728392 0.0488161891 0.0263538463 0.0635024529 0.0653293822 0.0000000000 0.0000000000 0.1481481481 0.0000004077 
|MuonHistosFinal| 1.0000000000 0.0332779170 1.0000000000 0.2598023482 1.0000000000 0.1495581546 1.0000000000 0.1533576888 1.0000000000 0.4027000630 1.0000000000 1.4142135733 0.0000000000 0.0000000000 1.0000000000 0.0000185754 
|EleHistosFinal| 1.0000000000 0.0332779170 1.0000000000 0.2598023482 1.0000000000 0.1495581546 1.0000000000 0.1533576888 1.0000000000 0.4027000630 1.0000000000 1.4142135733 0.0000000000 0.0000000000 1.0000000000 0.0000185754 
|TauHistosFinal| 1.0000000000 0.0332779170 1.0000000000 0.2598023482 1.0000000000 0.1495581546 1.0000000000 0.1533576888 1.0000000000 0.4027000630 1.0000000000 1.4142135733 0.0000000000 0.0000000000 1.0000000000 0.0000185754 
|DiTauHistosFinal| 1.0000000000 0.0332779170 1.0000000000 0.2598023482 1.0000000000 0.1495581546 1.0000000000 0.1533576888 1.0000000000 0.4027000630 1.0000000000 1.4142135733 0.0000000000 0.0000000000 1.0000000000 0.0000185754 
